16 0.4296875 0.16171875 0.078125 0.10234375
26 0.34140625 0.1734375 0.07890625 0.1015625
116 0.34375 0.28203125 0.0796875 0.10234375
0 0.44296875 0.3078125 0.0765625 0.1015625
28 0.41875 0.3453125 0.0765625 0.0984375
0 0.44609375 0.4328125 0.05703125 0.13984375
0 0.446875 0.5640625 0.05625 0.134375
3 0.48203125 0.7015625 0.075 0.10234375
31 0.35234375 0.76015625 0.07734375 0.10546875
29 0.4484375 0.91484375 0.0765625 0.09765625
4 0.27421875 0.86875 0.08359375 0.16015625
118 0.58359375 0.1734375 0.07890625 0.109375
92 0.5515625 0.53984375 0.0796875 0.10625
96 0.5609375 0.63828125 0.075 0.09609375
96 0.55859375 0.71796875 0.0703125 0.065625
95 0.565625 0.7765625 0.07421875 0.1
95 0.57109375 0.8484375 0.0765625 0.05234375
10 0.65625 0.91328125 0.078125 0.10234375
91 0.6578125 0.6515625 0.07578125 0.1015625
7 0.6578125 0.546875 0.071875 0.09765625
94 0.7359375 0.9015625 0.07265625 0.10546875
25 0.3453125 0.4390625 0.078125 0.09765625
24 0.353125 0.55390625 0.05625 0.13203125