17 0.24296875 0.140625 0.08515625 0.1125
76 0.32890625 0.1375 0.08671875 0.115625
63 0.4171875 0.13671875 0.08828125 0.1140625
78 0.32734375 0.253125 0.0890625 0.115625
3 0.58515625 0.13984375 0.0859375 0.1171875
57 0.33203125 0.453125 0.08828125 0.11875
72 0.446875 0.43828125 0.084375 0.1140625
25 0.665625 0.425 0.06640625 0.109375
24 0.6515625 0.54375 0.0421875 0.1125
36 0.3296875 0.5765625 0.0875 0.1125
36 0.31328125 0.63984375 0.08515625 0.1140625
30 0.55625 0.81328125 0.08671875 0.1109375
93 0.678125 0.82734375 0.0859375 0.1140625
16 0.58984375 0.94609375 0.08828125 0.1078125
26 0.678125 0.94609375 0.0859375 0.1078125
27 0.7640625 0.94375 0.084375 0.1125