9 0.32890625 0.26015625 0.08984375 0.121875
5 0.24140625 0.140625 0.08671875 0.1140625
10 0.32734375 0.13515625 0.08828125 0.115625
23 0.4171875 0.14453125 0.08828125 0.11875
109 0.32421875 0.396875 0.0875 0.1140625
8 0.3296875 0.54453125 0.08671875 0.11875
80 0.6734375 0.5328125 0.08515625 0.1140625
109 0.66640625 0.65078125 0.08515625 0.109375
9 0.675 0.8203125 0.08359375 0.1140625
90 0.43515625 0.928125 0.1046875 0.14375
5 0.759375 0.93515625 0.0828125 0.109375
110 0.67578125 0.9390625 0.0828125 0.1078125
19 0.5875 0.93828125 0.0828125 0.109375
81 0.578125 0.14140625 0.08515625 0.109375