38 0.45625 0.41796875 0.0859375 0.10859375
36 0.32890625 0.41015625 0.0828125 0.11171875
36 0.33046875 0.64453125 0.0859375 0.11328125
33 0.328125 0.5296875 0.08671875 0.11640625
78 0.33359375 0.2484375 0.08515625 0.11015625
16 0.4171875 0.1296875 0.08203125 0.11171875
10 0.328125 0.13671875 0.0828125 0.11328125
17 0.24140625 0.1296875 0.08515625 0.11171875
73 0.44765625 0.91171875 0.09375 0.1328125
46 0.59609375 0.1265625 0.08671875 0.11171875
45 0.6765625 0.4078125 0.08515625 0.11015625
45 0.6765625 0.646875 0.08515625 0.10859375
56 0.64453125 0.5390625 0.078125 0.09765625
44 0.67890625 0.52734375 0.0828125 0.11484375
49 0.571875 0.8203125 0.08359375 0.10859375
64 0.625 0.80234375 0.08671875 0.11640625
16 0.59140625 0.93359375 0.08515625 0.11015625
62 0.67890625 0.93125 0.08203125 0.10859375
71 0.76484375 0.93203125 0.08671875 0.11015625
115 0.678125 0.81875 0.08671875 0.11171875