98 0.3375 0.54921875 0.0625 0.1546875
97 0.33046875 0.40390625 0.0828125 0.11015625
105 0.43671875 0.27734375 0.08203125 0.10703125
6 0.25234375 0.1328125 0.0828125 0.10859375
16 0.43046875 0.1328125 0.08203125 0.10859375
100 0.334375 0.1296875 0.0828125 0.1140625
45 0.5453125 0.4734375 0.0828125 0.10859375
45 0.5515625 0.6953125 0.084375 0.10703125
46 0.59765625 0.66015625 0.0828125 0.1109375
99 0.44765625 0.92578125 0.0828125 0.10859375
101 0.33515625 0.25234375 0.08046875 0.1109375
47 0.67109375 0.2765625 0.08359375 0.10546875
53 0.58515625 0.134375 0.08359375 0.10859375
52 0.5515625 0.80703125 0.0828125 0.10859375
63 0.5890625 0.9328125 0.084375 0.11015625
115 0.67578125 0.8171875 0.084375 0.11015625
62 0.67578125 0.93203125 0.084375 0.1109375
44 0.67265625 0.5328125 0.084375 0.11015625
71 0.76015625 0.93125 0.08515625 0.11015625
102 0.221875 0.50234375 0.0609375 0.1453125