204 0.549219 0.662500 0.154688 0.062500
11 0.403906 0.669531 0.110156 0.082812
31 0.277344 0.563281 0.107031 0.082031
27 0.132812 0.747656 0.108594 0.082812
164 0.132812 0.569531 0.108594 0.082031
53 0.129688 0.665625 0.114062 0.082812
82 0.473438 0.454688 0.108594 0.082812
72 0.695312 0.448438 0.107031 0.084375
53 0.660156 0.402344 0.110937 0.082812
138 0.925781 0.552344 0.108594 0.082812
64 0.252344 0.664844 0.110937 0.080469
62 0.276562 0.328906 0.105469 0.083594
195 0.134375 0.414844 0.108594 0.083594
115 0.807031 0.448438 0.108594 0.082812
120 0.932813 0.410937 0.110156 0.084375
120 0.817187 0.324219 0.110156 0.084375
168 0.932031 0.324219 0.110937 0.084375
92 0.532813 0.327344 0.110156 0.084375
160 0.931250 0.239844 0.110156 0.085156
165 0.502344 0.778125 0.145313 0.060937
