33 0.760156 0.867969 0.083594 0.108594
49 0.673438 0.871094 0.083594 0.108594
118 0.586719 0.870313 0.083594 0.110156
96 0.582031 0.753906 0.085156 0.111719
116 0.671875 0.756250 0.085938 0.110156
26 0.669531 0.470313 0.085938 0.111719
197 0.670312 0.349219 0.083594 0.111719
81 0.671094 0.555469 0.083594 0.055469
69 0.584375 0.060156 0.085938 0.108594
49 0.464063 0.656250 0.089844 0.133594
195 0.328125 0.474219 0.085938 0.116406
209 0.321875 0.253125 0.082031 0.114844
215 0.434375 0.066406 0.083594 0.107031
135 0.326562 0.757031 0.086719 0.114844
20 0.412500 0.871875 0.085156 0.116406
118 0.325000 0.870313 0.084375 0.107031
169 0.241406 0.876563 0.081250 0.107031
67 0.426562 0.132031 0.082812 0.032813
182 0.455469 0.437500 0.067969 0.170313
