82 0.757031 0.859375 0.085156 0.112500
105 0.671094 0.862500 0.086719 0.115625
57 0.582812 0.863281 0.088281 0.114062
196 0.672656 0.746875 0.089063 0.115625
127 0.414844 0.860156 0.085938 0.117188
132 0.667969 0.546875 0.088281 0.118750
0 0.553125 0.561719 0.084375 0.114062
166 0.334375 0.575000 0.066406 0.109375
79 0.348437 0.456250 0.042188 0.112500
186 0.670312 0.423438 0.087500 0.112500
107 0.686719 0.360156 0.085156 0.114062
28 0.443750 0.186719 0.086719 0.110937
204 0.321875 0.172656 0.085938 0.114062
24 0.410156 0.053906 0.088281 0.107813
25 0.321875 0.053906 0.085938 0.107813
82 0.235938 0.056250 0.084375 0.112500
