4 0.867188 0.238281 0.117188 0.088281
122 0.874219 0.326562 0.115625 0.084375
128 0.875781 0.414844 0.114062 0.085938
175 0.763281 0.428125 0.115625 0.086719
146 0.460938 0.325000 0.112500 0.086719
23 0.350000 0.328125 0.120313 0.093750
64 0.061719 0.231250 0.120313 0.084375
148 0.040625 0.420312 0.081250 0.084375
206 0.850000 0.554688 0.110937 0.085938
57 0.575781 0.674219 0.114062 0.088281
134 0.353906 0.677344 0.118750 0.089844
203 0.465625 0.675000 0.112500 0.092188
50 0.175000 0.674219 0.117188 0.086719
42 0.064844 0.588281 0.117188 0.088281
101 0.067969 0.764844 0.120313 0.086719
45 0.752344 0.325781 0.118750 0.089063
79 0.289844 0.560156 0.115625 0.085938
140 0.177344 0.575781 0.130469 0.092188
