197 0.840625 0.264844 0.110937 0.078125
56 0.722656 0.347656 0.100781 0.082031
190 0.839063 0.347656 0.101562 0.078906
123 0.835156 0.432031 0.112500 0.082812
1 0.718750 0.449219 0.104688 0.080469
42 0.576562 0.356250 0.104688 0.078906
52 0.462500 0.357031 0.101562 0.079687
135 0.046094 0.428906 0.091406 0.078906
44 0.817187 0.544531 0.106250 0.079687
132 0.676562 0.630469 0.112500 0.082812
187 0.539062 0.646875 0.100781 0.077344
131 0.434375 0.646094 0.114062 0.085938
84 0.171094 0.556250 0.106250 0.080469
162 0.181250 0.642969 0.101562 0.076563
183 0.063281 0.557813 0.100781 0.079687
194 0.060156 0.648438 0.100781 0.078906
105 0.060156 0.733594 0.100781 0.078125
213 0.685156 0.600781 0.129688 0.078125
