216 0.662500 0.450781 0.062500 0.154688
133 0.669531 0.596094 0.082812 0.110156
0 0.563281 0.722656 0.082031 0.107031
74 0.747656 0.867188 0.082812 0.108594
44 0.569531 0.867188 0.082031 0.108594
41 0.665625 0.870313 0.082812 0.114062
79 0.454688 0.526563 0.082812 0.108594
37 0.448438 0.304688 0.084375 0.107031
94 0.402344 0.339844 0.082812 0.110937
87 0.552344 0.074219 0.082812 0.108594
139 0.664844 0.747656 0.080469 0.110937
174 0.328906 0.723437 0.083594 0.105469
21 0.414844 0.865625 0.083594 0.108594
153 0.448438 0.192969 0.082812 0.108594
164 0.410937 0.067187 0.084375 0.110156
66 0.324219 0.182813 0.084375 0.110156
146 0.324219 0.067969 0.084375 0.110937
115 0.327344 0.467187 0.084375 0.110156
97 0.239844 0.068750 0.085156 0.110156
222 0.778125 0.497656 0.060937 0.145313
