223 0.739844 0.328906 0.121875 0.089844
143 0.859375 0.241406 0.114062 0.086719
153 0.864844 0.327344 0.115625 0.088281
116 0.855469 0.417187 0.118750 0.088281
58 0.603125 0.324219 0.114062 0.087500
155 0.455469 0.329688 0.118750 0.086719
5 0.467187 0.673438 0.114062 0.085156
179 0.349219 0.666406 0.109375 0.085156
153 0.179688 0.675000 0.114062 0.083594
216 0.071875 0.435156 0.143750 0.104688
93 0.064844 0.759375 0.109375 0.082812
71 0.060937 0.675781 0.107813 0.082812
222 0.061719 0.587500 0.109375 0.082812
222 0.858594 0.578125 0.109375 0.085156
