102 0.26484375 0.159375 0.078125 0.1109375
117 0.34765625 0.27734375 0.08203125 0.10078125
91 0.34765625 0.1609375 0.07890625 0.1015625
59 0.43203125 0.16484375 0.0828125 0.1125
106 0.44921875 0.28125 0.08046875 0.1046875
21 0.35625 0.4234375 0.07890625 0.1046875
35 0.35703125 0.5375 0.0796875 0.1015625
207 0.42890625 0.95390625 0.07890625 0.09140625
141 0.54453125 0.1828125 0.0796875 0.10625
178 0.63046875 0.3234375 0.0828125 0.1125
39 0.646875 0.4609375 0.07734375 0.10078125
45 0.64609375 0.565625 0.0859375 0.1140625
91 0.55625 0.82890625 0.08046875 0.10625
32 0.64296875 0.81875 0.0765625 0.1015625
144 0.5578125 0.93671875 0.0796875 0.10078125
148 0.6484375 0.93984375 0.07890625 0.10078125
213 0.73359375 0.93984375 0.078125 0.10078125
202 0.60078125 0.31484375 0.078125 0.1296875
