77 0.735156 0.840625 0.078125 0.110937
51 0.652344 0.722656 0.082031 0.100781
185 0.652344 0.839063 0.078906 0.101562
157 0.567969 0.835156 0.082812 0.112500
48 0.550781 0.718750 0.080469 0.104688
168 0.643750 0.576562 0.078906 0.104688
33 0.642969 0.462500 0.079687 0.101562
167 0.571094 0.046094 0.078906 0.091406
117 0.455469 0.817187 0.079687 0.106250
67 0.369531 0.676562 0.082812 0.112500
55 0.353125 0.539062 0.077344 0.100781
70 0.353906 0.434375 0.085938 0.114062
223 0.443750 0.171094 0.080469 0.106250
35 0.357031 0.181250 0.076563 0.101562
59 0.442187 0.063281 0.079687 0.100781
192 0.351562 0.060156 0.078906 0.100781
188 0.266406 0.060156 0.078125 0.100781
2 0.399219 0.685156 0.078125 0.129688
