146 0.757031 0.864062 0.085938 0.114062
213 0.671875 0.864844 0.086719 0.112500
210 0.670312 0.752344 0.086719 0.112500
41 0.581250 0.743750 0.089063 0.120313
84 0.670312 0.585938 0.089063 0.117188
138 0.668750 0.352344 0.086719 0.115625
78 0.669531 0.467969 0.089063 0.112500
222 0.521875 0.320312 0.062500 0.151562
13 0.585938 0.054688 0.088281 0.108594
185 0.438281 0.313281 0.066406 0.153125
164 0.432031 0.161719 0.090625 0.118750
211 0.330469 0.067969 0.089063 0.112500
150 0.223437 0.060937 0.075000 0.121094
2 0.325781 0.467969 0.082812 0.112500
211 0.300000 0.735156 0.088281 0.109375
217 0.322656 0.710156 0.085156 0.115625
89 0.433594 0.871094 0.088281 0.118750
161 0.326562 0.584375 0.086719 0.110937
45 0.229688 0.876563 0.084375 0.110937
