125 0.24296875 0.1359375 0.0859375 0.1140625
111 0.328125 0.13515625 0.08671875 0.1125
219 0.3296875 0.24765625 0.08671875 0.1125
173 0.41875 0.25625 0.0890625 0.1203125
98 0.3296875 0.4140625 0.0890625 0.1171875
65 0.33125 0.64765625 0.08671875 0.115625
50 0.33046875 0.53203125 0.0890625 0.1125
206 0.478125 0.6796875 0.0625 0.1515625
126 0.4140625 0.9453125 0.08828125 0.10859375
50 0.56171875 0.68671875 0.06640625 0.153125
89 0.56796875 0.83828125 0.090625 0.11875
201 0.66953125 0.93203125 0.0890625 0.1125
131 0.7765625 0.9390625 0.075 0.12109375
8 0.67421875 0.53203125 0.0828125 0.1125
180 0.7 0.26484375 0.08828125 0.109375
156 0.67734375 0.28984375 0.08515625 0.115625
60 0.56640625 0.12890625 0.08828125 0.11875
216 0.6734375 0.415625 0.08671875 0.1109375
58 0.7703125 0.1234375 0.084375 0.1109375
