99 0.132812 0.761719 0.117188 0.088281
129 0.125781 0.673438 0.115625 0.084375
161 0.124219 0.585156 0.114062 0.085938
179 0.236719 0.571875 0.115625 0.086719
33 0.539062 0.675000 0.112500 0.086719
70 0.650000 0.671875 0.120313 0.093750
111 0.938281 0.768750 0.120313 0.084375
28 0.959375 0.579688 0.081250 0.084375
167 0.150000 0.445312 0.110937 0.085938
101 0.424219 0.325781 0.114062 0.088281
162 0.646094 0.322656 0.118750 0.089844
222 0.534375 0.325000 0.112500 0.092188
88 0.825000 0.325781 0.117188 0.086719
1 0.935156 0.411719 0.117188 0.088281
188 0.932031 0.235156 0.120313 0.086719
85 0.247656 0.674219 0.118750 0.089063
202 0.710156 0.439844 0.115625 0.085938
42 0.822656 0.424219 0.130469 0.092188
