216 0.864062 0.242969 0.114062 0.085938
212 0.864844 0.328125 0.112500 0.086719
125 0.752344 0.329688 0.112500 0.086719
58 0.743750 0.418750 0.120313 0.089063
153 0.585938 0.329688 0.117188 0.089063
172 0.352344 0.331250 0.115625 0.086719
187 0.467969 0.330469 0.112500 0.089063
220 0.320312 0.478125 0.151562 0.062500
159 0.054688 0.414062 0.108594 0.088281
18 0.313281 0.561719 0.153125 0.066406
160 0.161719 0.567969 0.118750 0.090625
142 0.067969 0.669531 0.112500 0.089063
211 0.060937 0.776563 0.121094 0.075000
99 0.467969 0.674219 0.112500 0.082812
200 0.735156 0.700000 0.109375 0.088281
7 0.710156 0.677344 0.115625 0.085156
155 0.871094 0.566406 0.118750 0.088281
39 0.584375 0.673438 0.110937 0.086719
138 0.876563 0.770312 0.110937 0.084375
