146 0.450781 0.337500 0.154688 0.062500
98 0.596094 0.330469 0.110156 0.082812
173 0.722656 0.436719 0.107031 0.082031
174 0.867188 0.252344 0.108594 0.082812
84 0.867188 0.430469 0.108594 0.082031
54 0.870313 0.334375 0.114062 0.082812
82 0.526563 0.545312 0.108594 0.082812
86 0.304688 0.551562 0.107031 0.084375
70 0.339844 0.597656 0.110937 0.082812
215 0.074219 0.447656 0.108594 0.082812
163 0.747656 0.335156 0.110937 0.080469
69 0.723437 0.671094 0.105469 0.083594
10 0.865625 0.585156 0.108594 0.083594
27 0.192969 0.551562 0.108594 0.082812
44 0.067187 0.589063 0.110156 0.084375
73 0.182813 0.675781 0.110156 0.084375
15 0.067969 0.675781 0.110937 0.084375
61 0.467187 0.672656 0.110156 0.084375
167 0.068750 0.760156 0.110156 0.085156
190 0.497656 0.221875 0.145313 0.060937
