40 0.417969 0.543750 0.108594 0.085938
124 0.410156 0.671094 0.111719 0.082812
9 0.644531 0.669531 0.113281 0.085938
15 0.529687 0.671875 0.116406 0.086719
44 0.248438 0.666406 0.110156 0.085156
14 0.129688 0.582812 0.111719 0.082031
57 0.136719 0.671875 0.113281 0.082812
2 0.129688 0.758594 0.111719 0.085156
203 0.911719 0.552344 0.132812 0.093750
173 0.126562 0.403906 0.111719 0.086719
31 0.407813 0.323438 0.110156 0.085156
106 0.646875 0.323438 0.108594 0.085156
80 0.539062 0.355469 0.097656 0.078125
180 0.527344 0.321094 0.114844 0.082812
170 0.820312 0.428125 0.108594 0.083594
38 0.802344 0.375000 0.116406 0.086719
12 0.933594 0.408594 0.110156 0.085156
86 0.931250 0.321094 0.108594 0.082031
170 0.932031 0.235156 0.110156 0.086719
49 0.818750 0.321875 0.111719 0.086719
