48 0.26484375 0.159375 0.078125 0.1109375
74 0.34765625 0.27734375 0.08203125 0.10078125
172 0.34765625 0.1609375 0.07890625 0.1015625
32 0.43203125 0.16484375 0.0828125 0.1125
85 0.44921875 0.28125 0.08046875 0.1046875
127 0.35625 0.4234375 0.07890625 0.1046875
72 0.35703125 0.5375 0.0796875 0.1015625
100 0.42890625 0.95390625 0.07890625 0.09140625
150 0.54453125 0.1828125 0.0796875 0.10625
216 0.63046875 0.3234375 0.0828125 0.1125
143 0.646875 0.4609375 0.07734375 0.10078125
91 0.64609375 0.565625 0.0859375 0.1140625
26 0.55625 0.82890625 0.08046875 0.10625
204 0.64296875 0.81875 0.0765625 0.1015625
39 0.5578125 0.93671875 0.0796875 0.10078125
167 0.6484375 0.93984375 0.07890625 0.10078125
68 0.73359375 0.93984375 0.078125 0.10078125
70 0.60078125 0.31484375 0.078125 0.1296875
