150 0.543750 0.582031 0.085938 0.108594
221 0.671094 0.589844 0.082812 0.111719
18 0.669531 0.355469 0.085938 0.113281
141 0.671875 0.470313 0.086719 0.116406
219 0.666406 0.751563 0.085156 0.110156
198 0.582812 0.870313 0.082031 0.111719
222 0.671875 0.863281 0.082812 0.113281
172 0.758594 0.870313 0.085156 0.111719
86 0.552344 0.088281 0.093750 0.132812
195 0.403906 0.873437 0.086719 0.111719
195 0.323438 0.592187 0.085156 0.110156
123 0.323438 0.353125 0.085156 0.108594
81 0.355469 0.460938 0.078125 0.097656
200 0.321094 0.472656 0.082812 0.114844
153 0.428125 0.179688 0.083594 0.108594
197 0.375000 0.197656 0.086719 0.116406
178 0.408594 0.066406 0.085156 0.110156
80 0.321094 0.068750 0.082031 0.108594
84 0.235156 0.067969 0.086719 0.110156
16 0.321875 0.181250 0.086719 0.111719
