126 0.859375 0.242969 0.112500 0.085156
71 0.862500 0.328906 0.115625 0.086719
60 0.863281 0.417187 0.114062 0.088281
34 0.746875 0.327344 0.115625 0.089063
166 0.860156 0.585156 0.117188 0.085938
16 0.546875 0.332031 0.118750 0.088281
108 0.561719 0.446875 0.114062 0.084375
140 0.575000 0.665625 0.109375 0.066406
115 0.456250 0.651563 0.112500 0.042188
166 0.423438 0.329688 0.112500 0.087500
215 0.360156 0.313281 0.114062 0.085156
142 0.186719 0.556250 0.110937 0.086719
92 0.172656 0.678125 0.114062 0.085938
221 0.053906 0.589844 0.107813 0.088281
186 0.053906 0.678125 0.107813 0.085938
94 0.056250 0.764062 0.112500 0.084375
