156 0.760156 0.867969 0.083594 0.108594
142 0.673438 0.871094 0.083594 0.108594
159 0.586719 0.870313 0.083594 0.110156
20 0.582031 0.753906 0.085156 0.111719
14 0.671875 0.756250 0.085938 0.110156
25 0.669531 0.470313 0.085938 0.111719
205 0.670312 0.349219 0.083594 0.111719
174 0.671094 0.555469 0.083594 0.055469
190 0.584375 0.060156 0.085938 0.108594
128 0.464063 0.656250 0.089844 0.133594
118 0.328125 0.474219 0.085938 0.116406
165 0.321875 0.253125 0.082031 0.114844
57 0.434375 0.066406 0.083594 0.107031
135 0.326562 0.757031 0.086719 0.114844
77 0.412500 0.871875 0.085156 0.116406
133 0.325000 0.870313 0.084375 0.107031
221 0.241406 0.876563 0.081250 0.107031
64 0.426562 0.132031 0.082812 0.032813
50 0.455469 0.437500 0.067969 0.170313
