88 0.132031 0.760156 0.108594 0.083594
99 0.128906 0.673438 0.108594 0.083594
121 0.129688 0.586719 0.110156 0.083594
38 0.246094 0.582031 0.111719 0.085156
37 0.243750 0.671875 0.110156 0.085938
94 0.529687 0.669531 0.111719 0.085938
39 0.650781 0.670312 0.111719 0.083594
35 0.444531 0.671094 0.055469 0.083594
113 0.939844 0.584375 0.108594 0.085938
76 0.343750 0.464063 0.133594 0.089844
75 0.525781 0.328125 0.116406 0.085938
87 0.746875 0.321875 0.114844 0.082031
53 0.933594 0.434375 0.107031 0.083594
117 0.242969 0.326562 0.114844 0.086719
85 0.128125 0.412500 0.116406 0.085156
48 0.129688 0.325000 0.107031 0.084375
205 0.123438 0.241406 0.107031 0.081250
75 0.867969 0.426562 0.032813 0.082812
104 0.562500 0.455469 0.170313 0.067969
