132 0.582031 0.456250 0.108594 0.085938
130 0.589844 0.328906 0.111719 0.082812
187 0.355469 0.330469 0.113281 0.085938
23 0.470313 0.328125 0.116406 0.086719
141 0.751563 0.333594 0.110156 0.085156
181 0.870313 0.417187 0.111719 0.082031
37 0.863281 0.328125 0.113281 0.082812
17 0.870313 0.241406 0.111719 0.085156
98 0.088281 0.447656 0.132812 0.093750
138 0.873437 0.596094 0.111719 0.086719
154 0.592187 0.676562 0.110156 0.085156
220 0.353125 0.676562 0.108594 0.085156
182 0.460938 0.644531 0.097656 0.078125
224 0.472656 0.678906 0.114844 0.082812
171 0.179688 0.571875 0.108594 0.083594
172 0.197656 0.625000 0.116406 0.086719
75 0.066406 0.591406 0.110156 0.085156
140 0.068750 0.678906 0.108594 0.082031
120 0.067969 0.764844 0.110156 0.086719
184 0.181250 0.678125 0.111719 0.086719
