150 0.450781 0.337500 0.154688 0.062500
57 0.596094 0.330469 0.110156 0.082812
33 0.722656 0.436719 0.107031 0.082031
208 0.867188 0.252344 0.108594 0.082812
67 0.867188 0.430469 0.108594 0.082031
170 0.870313 0.334375 0.114062 0.082812
65 0.526563 0.545312 0.108594 0.082812
58 0.304688 0.551562 0.107031 0.084375
177 0.339844 0.597656 0.110937 0.082812
142 0.074219 0.447656 0.108594 0.082812
111 0.747656 0.335156 0.110937 0.080469
76 0.723437 0.671094 0.105469 0.083594
37 0.865625 0.585156 0.108594 0.083594
221 0.192969 0.551562 0.108594 0.082812
111 0.067187 0.589063 0.110156 0.084375
154 0.182813 0.675781 0.110156 0.084375
28 0.067969 0.675781 0.110937 0.084375
113 0.467187 0.672656 0.110156 0.084375
218 0.068750 0.760156 0.110156 0.085156
68 0.497656 0.221875 0.145313 0.060937
