139 0.23984375 0.13203125 0.08359375 0.10859375
144 0.3265625 0.12890625 0.08359375 0.10859375
220 0.41328125 0.1296875 0.08359375 0.11015625
23 0.41796875 0.24609375 0.08515625 0.11171875
56 0.328125 0.24375 0.0859375 0.11015625
179 0.33046875 0.5296875 0.0859375 0.11171875
206 0.3296875 0.65078125 0.08359375 0.11171875
133 0.32890625 0.44453125 0.08359375 0.05546875
75 0.415625 0.93984375 0.0859375 0.10859375
182 0.5359375 0.34375 0.08984375 0.13359375
102 0.671875 0.52578125 0.0859375 0.11640625
175 0.678125 0.746875 0.08203125 0.11484375
177 0.565625 0.93359375 0.08359375 0.10703125
164 0.6734375 0.24296875 0.08671875 0.11484375
126 0.5875 0.128125 0.08515625 0.11640625
76 0.675 0.1296875 0.084375 0.10703125
178 0.75859375 0.1234375 0.08125 0.10703125
45 0.5734375 0.86796875 0.0828125 0.0328125
54 0.54453125 0.5625 0.06796875 0.1703125
