82 0.757812 0.869531 0.089844 0.124219
44 0.667188 0.872656 0.085938 0.114844
34 0.583594 0.864062 0.082812 0.113281
20 0.664062 0.750000 0.082812 0.114844
51 0.532031 0.617969 0.085156 0.108594
154 0.668750 0.464844 0.082031 0.113281
90 0.671875 0.346875 0.084375 0.113281
216 0.527344 0.500000 0.082031 0.111719
206 0.546875 0.388281 0.084375 0.114844
131 0.672656 0.182813 0.089063 0.121094
110 0.575781 0.057813 0.089063 0.115625
220 0.415625 0.869531 0.087500 0.114844
87 0.434375 0.506250 0.086719 0.111719
42 0.229688 0.870313 0.086719 0.118750
127 0.324219 0.578906 0.083594 0.111719
204 0.324219 0.465625 0.086719 0.107813
23 0.324219 0.351562 0.083594 0.111719
97 0.323438 0.178906 0.085156 0.109375
211 0.414844 0.189063 0.084375 0.109375
220 0.407813 0.063281 0.086719 0.110156
190 0.321094 0.061719 0.082812 0.106250
125 0.237500 0.062500 0.084375 0.111719
