213 0.869531 0.242188 0.124219 0.089844
114 0.872656 0.332813 0.114844 0.085938
183 0.864062 0.416406 0.113281 0.082812
170 0.750000 0.335938 0.114844 0.082812
30 0.617969 0.467969 0.108594 0.085156
35 0.464844 0.331250 0.113281 0.082031
93 0.346875 0.328125 0.113281 0.084375
105 0.500000 0.472656 0.111719 0.082031
141 0.388281 0.453125 0.114844 0.084375
212 0.182813 0.327344 0.121094 0.089063
45 0.057813 0.424219 0.115625 0.089063
114 0.869531 0.584375 0.114844 0.087500
72 0.506250 0.565625 0.111719 0.086719
50 0.870313 0.770312 0.118750 0.086719
72 0.578906 0.675781 0.111719 0.083594
59 0.465625 0.675781 0.107813 0.086719
201 0.351562 0.675781 0.111719 0.083594
95 0.178906 0.676562 0.109375 0.085156
116 0.189063 0.585156 0.109375 0.084375
184 0.063281 0.592187 0.110156 0.086719
80 0.061719 0.678906 0.106250 0.082812
12 0.062500 0.762500 0.111719 0.084375
