25 0.159375 0.735156 0.110937 0.078125
75 0.277344 0.652344 0.100781 0.082031
177 0.160938 0.652344 0.101562 0.078906
14 0.164844 0.567969 0.112500 0.082812
66 0.281250 0.550781 0.104688 0.080469
125 0.423438 0.643750 0.104688 0.078906
35 0.537500 0.642969 0.101562 0.079687
159 0.953906 0.571094 0.091406 0.078906
79 0.182812 0.455469 0.106250 0.079687
89 0.323437 0.369531 0.112500 0.082812
179 0.460938 0.353125 0.100781 0.077344
0 0.565625 0.353906 0.114062 0.085938
89 0.828906 0.443750 0.106250 0.080469
57 0.818750 0.357031 0.101562 0.076563
72 0.936719 0.442187 0.100781 0.079687
207 0.939844 0.351562 0.100781 0.078906
124 0.939844 0.266406 0.100781 0.078125
101 0.314844 0.399219 0.129688 0.078125
