47 0.26484375 0.159375 0.078125 0.1109375
174 0.34765625 0.27734375 0.08203125 0.10078125
40 0.34765625 0.1609375 0.07890625 0.1015625
79 0.43203125 0.16484375 0.0828125 0.1125
84 0.44921875 0.28125 0.08046875 0.1046875
63 0.35625 0.4234375 0.07890625 0.1046875
15 0.35703125 0.5375 0.0796875 0.1015625
69 0.42890625 0.95390625 0.07890625 0.09140625
38 0.54453125 0.1828125 0.0796875 0.10625
60 0.63046875 0.3234375 0.0828125 0.1125
95 0.646875 0.4609375 0.07734375 0.10078125
53 0.64609375 0.565625 0.0859375 0.1140625
101 0.55625 0.82890625 0.08046875 0.10625
164 0.64296875 0.81875 0.0765625 0.1015625
120 0.5578125 0.93671875 0.0796875 0.10078125
147 0.6484375 0.93984375 0.07890625 0.10078125
162 0.73359375 0.93984375 0.078125 0.10078125
205 0.60078125 0.31484375 0.078125 0.1296875
