63 0.757812 0.869531 0.089844 0.124219
15 0.667188 0.872656 0.085938 0.114844
32 0.583594 0.864062 0.082812 0.113281
66 0.664062 0.750000 0.082812 0.114844
38 0.532031 0.617969 0.085156 0.108594
11 0.668750 0.464844 0.082031 0.113281
140 0.671875 0.346875 0.084375 0.113281
183 0.527344 0.500000 0.082031 0.111719
158 0.546875 0.388281 0.084375 0.114844
10 0.672656 0.182813 0.089063 0.121094
24 0.575781 0.057813 0.089063 0.115625
84 0.415625 0.869531 0.087500 0.114844
196 0.434375 0.506250 0.086719 0.111719
189 0.229688 0.870313 0.086719 0.118750
76 0.324219 0.578906 0.083594 0.111719
134 0.324219 0.465625 0.086719 0.107813
157 0.324219 0.351562 0.083594 0.111719
138 0.323438 0.178906 0.085156 0.109375
29 0.414844 0.189063 0.084375 0.109375
146 0.407813 0.063281 0.086719 0.110156
25 0.321094 0.061719 0.082812 0.106250
69 0.237500 0.062500 0.084375 0.111719
