191 0.260156 0.671094 0.121875 0.089844
128 0.140625 0.758594 0.114062 0.086719
28 0.135156 0.672656 0.115625 0.088281
215 0.144531 0.582812 0.118750 0.088281
6 0.396875 0.675781 0.114062 0.087500
122 0.544531 0.670312 0.118750 0.086719
153 0.532813 0.326562 0.114062 0.085156
122 0.650781 0.333594 0.109375 0.085156
128 0.820312 0.325000 0.114062 0.083594
65 0.928125 0.564844 0.143750 0.104688
224 0.935156 0.240625 0.109375 0.082812
164 0.939063 0.324219 0.107813 0.082812
6 0.938281 0.412500 0.109375 0.082812
196 0.141406 0.421875 0.109375 0.085156
