117 0.140625 0.757031 0.112500 0.085156
72 0.137500 0.671094 0.115625 0.086719
142 0.136719 0.582812 0.114062 0.088281
116 0.253125 0.672656 0.115625 0.089063
147 0.139844 0.414844 0.117188 0.085938
131 0.453125 0.667969 0.118750 0.088281
161 0.438281 0.553125 0.114062 0.084375
79 0.425000 0.334375 0.109375 0.066406
86 0.543750 0.348437 0.112500 0.042188
174 0.576562 0.670312 0.112500 0.087500
61 0.639844 0.686719 0.114062 0.085156
218 0.813281 0.443750 0.110937 0.086719
79 0.827344 0.321875 0.114062 0.085938
171 0.946094 0.410156 0.107813 0.088281
196 0.946094 0.321875 0.107813 0.085938
27 0.943750 0.235938 0.112500 0.084375
