152 0.570312 0.838281 0.078125 0.102344
159 0.658594 0.826562 0.078906 0.101562
204 0.656250 0.717969 0.079687 0.102344
224 0.557031 0.692187 0.076563 0.101562
125 0.581250 0.654687 0.076563 0.098437
50 0.553906 0.567187 0.057031 0.139844
85 0.553125 0.435937 0.056250 0.134375
182 0.517969 0.298438 0.075000 0.102344
220 0.647656 0.239844 0.077344 0.105469
143 0.551562 0.085156 0.076563 0.097656
59 0.725781 0.131250 0.083594 0.160156
142 0.416406 0.826562 0.078906 0.109375
168 0.448438 0.460156 0.079687 0.106250
166 0.439063 0.361719 0.075000 0.096094
26 0.441406 0.282031 0.070312 0.065625
2 0.434375 0.223437 0.074219 0.100000
98 0.428906 0.151563 0.076563 0.052344
89 0.343750 0.086719 0.078125 0.102344
122 0.342187 0.348437 0.075781 0.101562
220 0.342187 0.453125 0.071875 0.097656
128 0.264062 0.098437 0.072656 0.105469
174 0.654687 0.560937 0.078125 0.097656
146 0.646875 0.446094 0.056250 0.132031
