52 0.23828125 0.1328125 0.08828125 0.1171875
125 0.3265625 0.12578125 0.084375 0.115625
118 0.41484375 0.12421875 0.0859375 0.1140625
181 0.428125 0.23671875 0.08671875 0.115625
120 0.325 0.5390625 0.08671875 0.1125
192 0.328125 0.65 0.09375 0.1203125
66 0.23125 0.93828125 0.084375 0.1203125
75 0.4203125 0.959375 0.084375 0.08125
168 0.5546875 0.15 0.0859375 0.1109375
145 0.67421875 0.42421875 0.08828125 0.1140625
118 0.67734375 0.64609375 0.08984375 0.11875
52 0.675 0.534375 0.0921875 0.1125
51 0.67421875 0.825 0.08671875 0.1171875
153 0.58828125 0.93515625 0.08828125 0.1171875
219 0.76484375 0.93203125 0.08671875 0.1203125
136 0.32578125 0.24765625 0.0890625 0.11875
160 0.56015625 0.71015625 0.0859375 0.115625
89 0.57578125 0.82265625 0.0921875 0.13046875
