95 0.761719 0.867188 0.088281 0.117188
18 0.673438 0.874219 0.084375 0.115625
162 0.585156 0.875781 0.085938 0.114062
19 0.571875 0.763281 0.086719 0.115625
200 0.675000 0.460938 0.086719 0.112500
122 0.671875 0.350000 0.093750 0.120313
149 0.768750 0.061719 0.084375 0.120313
153 0.579688 0.040625 0.084375 0.081250
212 0.445312 0.850000 0.085938 0.110937
0 0.325781 0.575781 0.088281 0.114062
116 0.322656 0.353906 0.089844 0.118750
129 0.325000 0.465625 0.092188 0.112500
72 0.325781 0.175000 0.086719 0.117188
196 0.411719 0.064844 0.088281 0.117188
155 0.235156 0.067969 0.086719 0.120313
215 0.674219 0.752344 0.089063 0.118750
144 0.439844 0.289844 0.085938 0.115625
6 0.424219 0.177344 0.092188 0.130469
