139 0.859375 0.242969 0.112500 0.085156
101 0.862500 0.328906 0.115625 0.086719
201 0.863281 0.417187 0.114062 0.088281
21 0.746875 0.327344 0.115625 0.089063
92 0.860156 0.585156 0.117188 0.085938
8 0.546875 0.332031 0.118750 0.088281
20 0.561719 0.446875 0.114062 0.084375
16 0.575000 0.665625 0.109375 0.066406
147 0.456250 0.651563 0.112500 0.042188
200 0.423438 0.329688 0.112500 0.087500
152 0.360156 0.313281 0.114062 0.085156
164 0.186719 0.556250 0.110937 0.086719
135 0.172656 0.678125 0.114062 0.085938
26 0.053906 0.589844 0.107813 0.088281
184 0.053906 0.678125 0.107813 0.085938
52 0.056250 0.764062 0.112500 0.084375
