189 0.450781 0.337500 0.154688 0.062500
85 0.596094 0.330469 0.110156 0.082812
83 0.722656 0.436719 0.107031 0.082031
65 0.867188 0.252344 0.108594 0.082812
185 0.867188 0.430469 0.108594 0.082031
113 0.870313 0.334375 0.114062 0.082812
193 0.526563 0.545312 0.108594 0.082812
100 0.304688 0.551562 0.107031 0.084375
26 0.339844 0.597656 0.110937 0.082812
185 0.074219 0.447656 0.108594 0.082812
131 0.747656 0.335156 0.110937 0.080469
140 0.723437 0.671094 0.105469 0.083594
161 0.865625 0.585156 0.108594 0.083594
44 0.192969 0.551562 0.108594 0.082812
216 0.067187 0.589063 0.110156 0.084375
74 0.182813 0.675781 0.110156 0.084375
115 0.067969 0.675781 0.110937 0.084375
74 0.467187 0.672656 0.110156 0.084375
203 0.068750 0.760156 0.110156 0.085156
158 0.497656 0.221875 0.145313 0.060937
