115 0.24296875 0.1359375 0.0859375 0.1140625
185 0.328125 0.13515625 0.08671875 0.1125
18 0.3296875 0.24765625 0.08671875 0.1125
149 0.41875 0.25625 0.0890625 0.1203125
80 0.3296875 0.4140625 0.0890625 0.1171875
38 0.33125 0.64765625 0.08671875 0.115625
190 0.33046875 0.53203125 0.0890625 0.1125
96 0.478125 0.6796875 0.0625 0.1515625
96 0.4140625 0.9453125 0.08828125 0.10859375
48 0.56171875 0.68671875 0.06640625 0.153125
127 0.56796875 0.83828125 0.090625 0.11875
11 0.66953125 0.93203125 0.0890625 0.1125
32 0.7765625 0.9390625 0.075 0.12109375
195 0.67421875 0.53203125 0.0828125 0.1125
53 0.7 0.26484375 0.08828125 0.109375
108 0.67734375 0.28984375 0.08515625 0.115625
203 0.56640625 0.12890625 0.08828125 0.11875
113 0.6734375 0.415625 0.08671875 0.1109375
103 0.7703125 0.1234375 0.084375 0.1109375
