23 0.161719 0.570312 0.102344 0.078125
112 0.173437 0.658594 0.101562 0.078906
152 0.282031 0.656250 0.102344 0.079687
220 0.307812 0.557031 0.101562 0.076563
101 0.345313 0.581250 0.098437 0.076563
146 0.432812 0.553906 0.139844 0.057031
159 0.564063 0.553125 0.134375 0.056250
158 0.701562 0.517969 0.102344 0.075000
85 0.760156 0.647656 0.105469 0.077344
76 0.914844 0.551562 0.097656 0.076563
164 0.868750 0.725781 0.160156 0.083594
206 0.173437 0.416406 0.109375 0.078906
94 0.539844 0.448438 0.106250 0.079687
64 0.638281 0.439063 0.096094 0.075000
86 0.717969 0.441406 0.065625 0.070312
109 0.776563 0.434375 0.100000 0.074219
157 0.848437 0.428906 0.052344 0.076563
198 0.913281 0.343750 0.102344 0.078125
202 0.651563 0.342187 0.101562 0.075781
160 0.546875 0.342187 0.097656 0.071875
192 0.901563 0.264062 0.105469 0.072656
217 0.439063 0.654687 0.097656 0.078125
62 0.553906 0.646875 0.132031 0.056250
