121 0.135937 0.757031 0.114062 0.085938
19 0.135156 0.671875 0.112500 0.086719
145 0.247656 0.670312 0.112500 0.086719
175 0.256250 0.581250 0.120313 0.089063
194 0.414062 0.670312 0.117188 0.089063
27 0.647656 0.668750 0.115625 0.086719
26 0.532031 0.669531 0.112500 0.089063
38 0.679688 0.521875 0.151562 0.062500
94 0.945312 0.585938 0.108594 0.088281
186 0.686719 0.438281 0.153125 0.066406
138 0.838281 0.432031 0.118750 0.090625
77 0.932031 0.330469 0.112500 0.089063
116 0.939063 0.223437 0.121094 0.075000
64 0.532031 0.325781 0.112500 0.082812
36 0.264844 0.300000 0.109375 0.088281
115 0.289844 0.322656 0.115625 0.085156
163 0.128906 0.433594 0.118750 0.088281
55 0.415625 0.326562 0.110937 0.086719
146 0.123438 0.229688 0.110937 0.084375
