0 0.6438249088066701 0.8869323447636701 0.07660239708181345 0.0963855421686747
0 0.36607608129233976 0.15987025023169602 0.07660239708181345 0.10287303058387395
0 0.5666128191766545 0.8841519925857275 0.07434601354872329 0.09453197405004633
0 0.4700364773319437 0.4592215013901761 0.06878582595101615 0.08433734939759036
0 0.4465867639395518 0.16311399443929564 0.07295466388744137 0.10379981464318813
0 0.4559666492965086 0.2710843373493976 0.0760812923397603 0.10843373493975904
0 0.5745179781136008 0.20481927710843373 0.07660239708181345 0.11492122335495829
0 0.6281917665450756 0.5894346617238183 0.07556018759770713 0.09082483781278962
0 0.2832204273058885 0.16404077849860982 0.07451797811360084 0.1056533827618165
0 0.4515372589890568 0.5430954587581094 0.07139134966128191 0.1056533827618165
0 0.35278791036998436 0.7803521779425394 0.0781657113079729 0.1056533827618165
0 0.5677436164669099 0.6779425393883225 0.06201146430432517 0.08804448563484708
0 0.6261073475768629 0.7029657089898054 0.07347576862949452 0.09545875810936053
0 0.3593017196456488 0.40593141797961074 0.058884835852006254 0.1334569045412419
0 0.3465346534653465 0.6459684893419834 0.0781657113079729 0.09082483781278962
0 0.5680041688379365 0.7822057460611678 0.07087024491922876 0.09823911028730306
0 0.36190724335591457 0.2608897126969416 0.07243355914538822 0.09916589434661724
0 0.4744658676393955 0.9216867469879518 0.09640437727983325 0.13994439295644115
0 0.3470557582073997 0.5458758109360519 0.0771235018238666 0.10009267840593142
0 0.6266284523189161 0.5037071362372567 0.07556018759770713 0.08619091751621873
0 0.5269254820218864 0.5437164040778498 0.05853569567483064 0.14149212233549582
0 0.5760812923397602 0.3257645968489342 0.07347576862949452 0.10287303058387395
0 0.5766023970818135 0.4077849860982391 0.06930693069306931 0.07414272474513438
0 0.5096404377279833 0.5725949953660797 0.04898384575299635 0.12449490268767378
0 0.5685252735799896 0.5843373493975904 0.04898384575299635 0.08804448563484708
0 0.6479937467430954 0.6556997219647822 0.07451797811360084 0.08619091751621873
0 0.4516258467952058 0.40392029657089895 0.08164147993746743 0.1096663577386469
0 0.5350026055237103 0.49274328081556995 0.0555862428348098 0.13901760889712697
0 0.5762532569046378 0.49506024096385537 0.032136529442417926 0.09731232622798888
0 0.4012506513809276 0.7846802594995366 0.024319958311620638 0.105032437442076