0 0.43434080250130275 0.3262279888785913 0.08077123501823867 0.10936051899907322
0 0.3285565398645128 0.5287303058387396 0.07972902553413236 0.10472659870250231
0 0.445284002084419 0.5634847080630213 0.0859822824387702 0.12233549582947173
0 0.43772798332464824 0.44763670064874883 0.08129233976029182 0.1056533827618165
0 0.3272537780093799 0.11584800741427248 0.08337675872850443 0.11306765523632993
0 0.2378843147472642 0.11723818350324375 0.08389786347055758 0.11214087117701575
0 0.674048983845753 0.8118628359592215 0.08077123501823867 0.1056533827618165
0 0.5533246482542991 0.2607321594068582 0.06583116206357478 0.1470528266913809
0 0.5865919749869725 0.11167747914735866 0.09032308494007296 0.11770157553290084
0 0.32021886399166233 0.7585727525486562 0.0859822824387702 0.09545875810936053
0 0.7613340281396561 0.9304911955514366 0.08546117769671704 0.11121408711770157
0 0.3285565398645128 0.23586654309545876 0.08285565398645128 0.10658016682113068
0 0.6735278791036998 0.6362372567191844 0.07972902553413236 0.09916589434661724
0 0.674048983845753 0.9295644114921223 0.07764460656591975 0.1056533827618165
0 0.2410109431995831 0.9346617238183503 0.0880667014069828 0.11584800741427248
0 0.6732673267326733 0.5273401297497683 0.0781657113079729 0.10379981464318813
0 0.6761334028139656 0.4091751621872104 0.07972902553413236 0.11399443929564411
0 0.4098488796248046 0.12048192771084337 0.07660239708181345 0.10936051899907322
0 0.9111516414799374 0.7812789620018535 0.17769671704012507 0.43744207599629287
0 0.5875455966649297 0.9272474513438369 0.07347576862949452 0.10658016682113068
0 0.34210526315789475 0.6524559777571826 0.053673788431474724 0.09082483781278962
0 0.23058884835852006 0.6163113994439295 0.08181344450234497 0.11121408711770157
0 0.23293381969775925 0.5254865616311399 0.08337675872850443 0.06672845227062095