0 0.5919749869723815 0.9216867469879518 0.08441896821261073 0.10843373493975904
0 0.32985930171964567 0.7706209453197405 0.08546117769671704 0.10658016682113068
0 0.3337675872850443 0.4040778498609824 0.08702449192287649 0.11121408711770157
0 0.5857217300677436 0.6320667284522706 0.07191245440333507 0.10009267840593142
0 0.6717040125065138 0.7900834105653383 0.0771235018238666 0.11399443929564411
0 0.42417926003126627 0.9096385542168675 0.08233454924439812 0.11399443929564411
0 0.7691505992704534 0.9272474513438369 0.08233454924439812 0.13067655236329936
0 0.6891610213652944 0.9337349397590361 0.06618030224075039 0.12511584800741427
0 0.583637311099531 0.7692307692307693 0.0573215216258468 0.14272474513438368
0 0.32542991141219385 0.24142724745134383 0.08494007295466388 0.1102873030583874
0 0.32881709223553934 0.9253938832252085 0.08650338718082334 0.1102873030583874
0 0.42339760291818657 0.10843373493975904 0.08077123501823867 0.1056533827618165
0 0.47967691505992704 0.4008341056533828 0.06201146430432517 0.14921223354958293
0 0.6868160500260553 0.6167747914735866 0.06878582595101615 0.13253012048192772
0 0.6706618030224075 0.4759036144578313 0.0760812923397603 0.1010194624652456
0 0.23110995310057322 0.12187210379981464 0.08285565398645128 0.11770157553290084
0 0.33220427305888484 0.5194624652455978 0.08702449192287649 0.10472659870250231
0 0.5905836373110995 0.26876737720111216 0.08511203751954144 0.11430027803521779
0 0.5745179781136008 0.1428822984244671 0.08945805106826471 0.1282020389249305