0 0.3249088066701407 0.9369786839666358 0.09431995831162064 0.12418906394810009
0 0.325951016154247 0.8086190917516218 0.08494007295466388 0.11214087117701575
0 0.33324648254299116 0.5023169601482854 0.06305367378843148 0.14087117701575533
0 0.23866597186034394 0.928174235403151 0.08546117769671704 0.11399443929564411
0 0.4265242313705055 0.8021316033364226 0.07868681605002606 0.11214087117701575
0 0.4293903074517978 0.9263206672845227 0.07191245440333507 0.09545875810936053
0 0.48071912454403337 0.7400370713623726 0.07972902553413236 0.10658016682113068
0 0.6711829077644607 0.8132530120481928 0.07503908285565399 0.10843373493975904
0 0.4726420010422095 0.1190917516218721 0.06044815007816571 0.12696941612604262
0 0.3316831683168317 0.6482854494902688 0.08389786347055758 0.10658016682113068
0 0.40932777488275146 0.12650602409638553 0.058884835852006254 0.1380908248378128
0 0.6750911933298593 0.40963855421686746 0.07556018759770713 0.1056533827618165
0 0.6769150599270454 0.9314179796107507 0.07399687337154769 0.11121408711770157
0 0.6757008858780615 0.523790546802595 0.08302761855132883 0.10781278962001853
0 0.7602918186555497 0.9314179796107507 0.08233454924439812 0.11306765523632993
0 0.5920635747785306 0.9374420759962928 0.08354872329338198 0.11399443929564411
0 0.5878061490359562 0.12696941612604262 0.08268368942157373 0.10936051899907322
0 0.4726420010422095 0.21918443002780352 0.06044815007816571 0.0639481000926784
0 0.6730067743616467 0.6408711770157554 0.07868681605002606 0.1010194624652456
0 0.9094163626889005 0.7788044485634847 0.17838978634705574 0.43867469879518073
0 0.47186034392912973 0.18257645968489342 0.05680041688379364 0.025949953660797033