0 0.33663366336633666 0.4416126042632067 0.0781657113079729 0.09545875810936053
0 0.648775403856175 0.8290083410565339 0.0781657113079729 0.1010194624652456
0 0.4327774882751433 0.3456904541241891 0.07347576862949452 0.10009267840593142
0 0.6511203751954143 0.9314179796107507 0.07556018759770713 0.10009267840593142
0 0.5687858259510161 0.29981464318813716 0.07868681605002606 0.1102873030583874
0 0.2670661803022408 0.1876737720111214 0.07347576862949452 0.09916589434661724
0 0.7357998957790516 0.933271547729379 0.07295466388744137 0.10009267840593142
0 0.34288692027097445 0.5472659870250232 0.08129233976029182 0.09360518999073215
0 0.5489838457529963 0.6913809082483782 0.07243355914538822 0.0963855421686747
0 0.4340802501302762 0.44439295644114923 0.07295466388744137 0.09731232622798888
0 0.4260031266284523 0.1927710843373494 0.058884835852006254 0.14087117701575533
0 0.3389786347055758 0.6450417052826691 0.07868681605002606 0.09082483781278962
0 0.6563314226159458 0.5574606116774792 0.07451797811360084 0.09360518999073215
0 0.6550286607608129 0.4457831325301205 0.07295466388744137 0.09823911028730306
0 0.5505471599791558 0.17145505097312327 0.08077123501823867 0.12604263206672844
0 0.2524752475247525 0.8938832252085264 0.055758207399687336 0.13623725671918444
0 0.7417926003126628 0.1696014828544949 0.07556018759770713 0.11121408711770157
0 0.7496091714434602 0.6746987951807228 0.06618030224075039 0.1556997219647822
0 0.4226159458051068 0.7998146431881371 0.07399687337154769 0.10750695088044486
0 0.7167795726941115 0.5523632993512512 0.04637832204273059 0.08341056533827618
0 0.42687337154768107 0.9414550509731233 0.07903595622720166 0.11276181649675626