0 0.6771756122980719 0.803985171455051 0.07764460656591975 0.1102873030583874
0 0.6765659197498697 0.9244670991658943 0.08789473684210526 0.11399443929564411
0 0.7628973423658155 0.9295644114921223 0.08546117769671704 0.12048192771084337
0 0.6633663366336634 0.4541241890639481 0.08025013027618551 0.11121408711770157
0 0.5802501302761855 0.79935125115848 0.08285565398645128 0.10658016682113068
0 0.42365815528921313 0.9360518999073216 0.09588327253778009 0.12048192771084337
0 0.4332985930171965 0.2738646895273401 0.08389786347055758 0.11584800741427248
0 0.6612819176654507 0.6149212233549582 0.07920792079207921 0.10843373493975904
0 0.5299635226680562 0.6580166821130676 0.0573215216258468 0.09267840593141798
0 0.664147993746743 0.2812789620018536 0.07764460656591975 0.11399443929564411
0 0.3236060448150078 0.12048192771084337 0.08650338718082334 0.11121408711770157
0 0.32542991141219385 0.6265060240963856 0.08702449192287649 0.10750695088044486
0 0.4351224596143825 0.386468952734013 0.09171443460135487 0.13160333642261354
0 0.9119332985930172 0.7803521779425394 0.1761334028139656 0.40963855421686746
0 0.5823345492443981 0.11600556070435589 0.09015112037519542 0.11337349397590361
0 0.3415841584158416 0.5115848007414272 0.05054715997915581 0.1056533827618165
0 0.6717040125065138 0.1274328081556997 0.06670140698280354 0.13994439295644115
0 0.7428348097967692 0.13021316033364227 0.05680041688379364 0.13623725671918444
0 0.34627410109431994 0.39990732159406855 0.04429390307451798 0.10472659870250231
0 0.23553934340802501 0.5254865616311399 0.08546117769671704 0.10194624652455977
0 0.23918707660239708 0.8473864689527341 0.0979676915059927 0.18041705282669138
0 0.5330901511203752 0.5579240037071362 0.06982803543512246 0.10194624652455977
0 0.30224075039082854 0.4620018535681186 0.05627931214174049 0.12511584800741427
0 0.242313705054716 0.909017608897127 0.10422094841063054 0.1374698795180723
0 0.30832204273058883 0.32977757182576456 0.041688379364252216 0.1374698795180723