0 0.6751575630252101 0.6504672897196262 0.08455882352941177 0.11588785046728972
0 0.5871848739495799 0.9336448598130841 0.08088235294117647 0.1102803738317757
0 0.3285189075630252 0.6512429906542057 0.09086134453781512 0.1249252336448598
0 0.5559348739495799 0.7098130841121495 0.07930672268907563 0.10934579439252337
0 0.3245798319327731 0.5355140186915888 0.08508403361344538 0.10467289719626169
0 0.6727048319327731 0.8221214953271028 0.08386029411764705 0.11526168224299065
0 0.3248424369747899 0.24906542056074765 0.08560924369747899 0.11495327102803739
0 0.3243172268907563 0.12710280373831775 0.08350840336134453 0.11401869158878504
0 0.4264705882352941 0.2369158878504673 0.08298319327731092 0.10747663551401869
0 0.571953781512605 0.8210280373831775 0.08928571428571429 0.13177570093457944
0 0.23870798319327732 0.1322429906542056 0.08560924369747899 0.11495327102803739
0 0.41465336134453784 0.12757009345794393 0.08350840336134453 0.10747663551401869
0 0.6722689075630253 0.42149532710280374 0.0819327731092437 0.1102803738317757
0 0.23240546218487396 0.9331775700934579 0.08665966386554622 0.11869158878504672
0 0.7623424369747899 0.9364485981308411 0.08245798319327731 0.10654205607476636
0 0.6738445378151261 0.5369158878504673 0.08088235294117647 0.11121495327102804
0 0.5529569327731092 0.15186915887850466 0.09121323529411764 0.12242990654205607
0 0.42104516806722686 0.9587196261682243 0.08753676470588234 0.08255140186915888