0 0.36529442417926006 0.15987025023169602 0.07399687337154769 0.09916589434661724
0 0.5669619593538301 0.8855421686746988 0.0771235018238666 0.09545875810936053
0 0.5012141740489838 0.5852641334569045 0.07868681605002606 0.09731232622798888
0 0.45440333507034913 0.39063948100092677 0.08025013027618551 0.09916589434661724
0 0.6399166232412715 0.8850787766450418 0.06670140698280354 0.0963855421686747
0 0.7204273058884836 0.8887859128822985 0.07451797811360084 0.0963855421686747
0 0.49834809796769153 0.6876737720111215 0.07434601354872329 0.09453197405004633
0 0.35070349140177176 0.4490268767377201 0.07399687337154769 0.1010194624652456
0 0.645127670661803 0.7849860982391103 0.07191245440333507 0.09453197405004633
0 0.447107868681605 0.16218721037998146 0.07191245440333507 0.10009267840593142
0 0.36347055758207397 0.2738646895273401 0.07556018759770713 0.1010194624652456
0 0.45831162063574776 0.267840593141798 0.07556018759770713 0.10379981464318813
0 0.35096404377279833 0.6498331788693235 0.07868681605002606 0.10595922150139017
0 0.568264721208963 0.7757182576459685 0.07139134966128191 0.08897126969416126
0 0.5741688379364251 0.20945319740500462 0.07486711829077644 0.10194624652455977
0 0.5711307972902553 0.6784059314179796 0.06878582595101615 0.09082483781278962
0 0.2845231891610214 0.15477293790546803 0.0771235018238666 0.10379981464318813
0 0.3522668056279312 0.5435588507877664 0.0771235018238666 0.09916589434661724
0 0.48306409588327254 0.9272474513438369 0.08546117769671704 0.12511584800741427
0 0.5656591974986972 0.4684893419833179 0.05680041688379364 0.12326227988878591
0 0.6448671182907765 0.5681186283595923 0.07034914017717561 0.11677479147358666
0 0.5695674830640959 0.5843373493975904 0.06253256904637833 0.09731232622798888
0 0.6544189682126107 0.3008989805375348 0.08667535174570089 0.062400370713623726
0 0.6500781657113079 0.4643188137164041 0.068264721208963 0.08526413345690455
0 0.57686294945284 0.3600556070435589 0.0573215216258468 0.10658016682113068
0 0.273058884835852 0.448563484708063 0.044815007816571134 0.16311399443929564
0 0.2467430953621678 0.5588507877664504 0.05158936946326212 0.12604263206672844
0 0.10509119332985929 0.7560982391102874 0.15980719124544035 0.3815291936978684