0 0.6729181865554976 0.9202965708989805 0.08581031787389265 0.11121408711770157
0 0.764460656591975 0.917516218721038 0.08650338718082334 0.11677479147358666
0 0.5823345492443981 0.9189063948100092 0.07868681605002606 0.11214087117701575
0 0.32881709223553934 0.4040778498609824 0.08025013027618551 0.10750695088044486
0 0.4619593538301199 0.2789620018535681 0.07868681605002606 0.10379981464318813
0 0.45570609692548203 0.3980537534754402 0.08181344450234497 0.10843373493975904
0 0.4304325169359041 0.9304911955514366 0.0969254820218864 0.13160333642261354
0 0.32959874934861905 0.7822057460611678 0.07972902553413236 0.10379981464318813
0 0.674048983845753 0.794253938832252 0.08181344450234497 0.11862835959221502
0 0.5369984366857739 0.2919369786839666 0.05680041688379364 0.14272474513438368
0 0.4304325169359041 0.7877664504170528 0.08650338718082334 0.11306765523632993
0 0.5802501302761855 0.7391102873030584 0.07868681605002606 0.11584800741427248
0 0.4293903074517978 0.6737720111214087 0.08441896821261073 0.10194624652455977
0 0.41271495570609695 0.12696941612604262 0.0760812923397603 0.11306765523632993
0 0.6719645648775404 0.4008341056533828 0.07868681605002606 0.1102873030583874
0 0.242313705054716 0.9374420759962928 0.0969254820218864 0.12326227988878591
0 0.6719645648775404 0.5162187210379982 0.07972902553413236 0.10936051899907322
0 0.3306409588327254 0.6399443929564411 0.07972902553413236 0.09545875810936053
0 0.33428869202709743 0.5240963855421686 0.06201146430432517 0.13067655236329936
0 0.674048983845753 0.629286376274328 0.07972902553413236 0.0963855421686747
0 0.9119332985930172 0.7826691380908248 0.1761334028139656 0.42539388322520855
0 0.431735278791037 0.5713623725671918 0.08181344450234497 0.10287303058387395
0 0.3183949973944763 0.1459684893419833 0.061490359562272015 0.15106580166821132
0 0.5797290255341324 0.8183503243744208 0.068264721208963 0.06302131603336422
0 0.5619228764981761 0.12666357738646894 0.08511203751954144 0.08341056533827618