0 0.41688379364252215 0.11631139944392957 0.08476810838978634 0.10843373493975904
0 0.6730067743616467 0.8123262279888785 0.07347576862949452 0.10658016682113068
0 0.32881709223553934 0.11723818350324375 0.08129233976029182 0.10658016682113068
0 0.6805627931214174 0.40732159406858204 0.07503908285565399 0.10287303058387395
0 0.6756122980719125 0.5231696014828545 0.07243355914538822 0.1010194624652456
0 0.24361646690984887 0.11399443929564411 0.08285565398645128 0.10750695088044486
0 0.33011985409067224 0.38924930491195553 0.08389786347055758 0.11306765523632993
0 0.6783064095883273 0.9267840593141798 0.08302761855132883 0.10936051899907322
0 0.7628973423658155 0.9244670991658943 0.08129233976029182 0.1102873030583874
0 0.4424179260031266 0.2812789620018536 0.07920792079207921 0.10843373493975904
0 0.5695674830640959 0.1282020389249305 0.07156331422615947 0.14890639481000925
0 0.5365659197498698 0.49582947173308617 0.0799009900990099 0.11492122335495829
0 0.2457008858780615 0.9355885078776645 0.09327774882751433 0.12326227988878591
0 0.33090151120375194 0.2340129749768304 0.08441896821261073 0.10843373493975904
0 0.33220427305888484 0.5264133456904542 0.0859822824387702 0.11492122335495829
0 0.9090672225117249 0.7743280815569972 0.17769671704012507 0.42539388322520855
0 0.44632621156852526 0.4031510658016682 0.07764460656591975 0.1056533827618165
0 0.4265242313705055 0.9272474513438369 0.09119332985930172 0.12326227988878591
0 0.6784783741532048 0.6459684893419834 0.07503908285565399 0.09823911028730306
0 0.20661803022407504 0.5741427247451344 0.027618551328817093 0.10658016682113068
0 0.5911047420531527 0.9289434661723819 0.08198540906722251 0.10998146431881371
0 0.20496612819176654 0.49814643188137164 0.02779051589369463 0.04788693234476367
0 0.20410109431995832 0.45644114921223355 0.026055237102657634 0.03861909175162188
0 0.20236060448150078 0.4178220574606117 0.01910891089108911 0.04170528266913809