0 0.41089108910891087 0.91241890639481 0.09536216779572694 0.14550509731232622
0 0.7615945805106826 0.9346617238183503 0.07972902553413236 0.11399443929564411
0 0.3256904637832204 0.12048192771084337 0.08025013027618551 0.10379981464318813
0 0.6755237102657634 0.9442354031510658 0.08268368942157373 0.10595922150139017
0 0.2399687337154768 0.11492122335495829 0.08077123501823867 0.10936051899907322
0 0.3272537780093799 0.2381835032437442 0.08441896821261073 0.11306765523632993
0 0.667274622199062 0.593141797961075 0.07451797811360084 0.10194624652455977
0 0.566440854611777 0.7684615384615384 0.08546117769671704 0.10781278962001853
0 0.327774882751433 0.5829471733086191 0.08337675872850443 0.1056533827618165
0 0.41514851485148513 0.12001853568118628 0.0788587806149036 0.1003985171455051
0 0.3285565398645128 0.45180722891566266 0.0859822824387702 0.11584800741427248
0 0.9114121938509641 0.7771084337349398 0.1771756122980719 0.4198331788693234
0 0.679431995831162 0.8097034291010194 0.08146430432516936 0.11244670991658944
0 0.4418968212610735 0.4355885078776645 0.08233454924439812 0.10379981464318813
0 0.7670661803022407 0.12696941612604262 0.08059927045336111 0.10750695088044486
0 0.22850442939030746 0.9165894346617238 0.07243355914538822 0.10194624652455977
0 0.6683168316831684 0.46709916589434664 0.07243355914538822 0.10194624652455977
0 0.4179260031266285 0.26830398517145504 0.08025013027618551 0.1102873030583874
0 0.5639239187076602 0.1190917516218721 0.08250651380927568 0.10843373493975904
0 0.43772798332464824 0.19647822057460612 0.08025013027618551 0.04077849860982391
0 0.44250651380927564 0.3212882298424467 0.08424700364773319 0.10812789620018536
0 0.46769150599270454 0.2540963855421687 0.0269254820218864 0.029351251158480075
0 0.46899426784783743 0.2255143651529194 0.029531005732152164 0.027803521779425393
0 0.41384575299635223 0.9538183503243745 0.09640437727983325 0.0633271547729379