0 0.5233611255862428 0.06811862835959222 0.10561229807191244 0.13623725671918444
0 0.43981240229286084 0.19508804448563485 0.0771235018238666 0.11399443929564411
0 0.3530484627410109 0.3600556070435589 0.0859822824387702 0.10843373493975904
0 0.35200625325690466 0.17377201112140872 0.08285565398645128 0.11584800741427248
0 0.6177696717040125 0.5843373493975904 0.07868681605002606 0.09916589434661724
0 0.6154247003647734 0.3517145505097312 0.08337675872850443 0.12140871177015755
0 0.5304846274101094 0.8674698795180723 0.06878582595101615 0.11121408711770157
0 0.6091714434601355 0.47775718257645966 0.08025013027618551 0.10658016682113068
0 0.35539343408025015 0.46987951807228917 0.08233454924439812 0.10009267840593142
0 0.257686294945284 0.18582020389249304 0.08077123501823867 0.1102873030583874
0 0.7068785825951016 0.8688600556070436 0.07660239708181345 0.1102873030583874
0 0.6250651380927567 0.747451343836886 0.08389786347055758 0.10843373493975904
0 0.41479937467430955 0.8563484708063022 0.06982803543512246 0.13531047265987026
0 0.721990620114643 0.07228915662650602 0.08494007295466388 0.14087117701575533
0 0.909588327253778 0.7715477293790547 0.17561229807191245 0.41241890639481