0 0.6749217935349322 0.814935064935065 0.07977059436913451 0.10482374768089053
0 0.5875026068821689 0.9308905380333952 0.08429092805005213 0.10667903525046382
0 0.7588633993743483 0.9318181818181818 0.07664233576642336 0.10667903525046382
0 0.335245046923879 0.2504638218923933 0.08759124087591241 0.11131725417439703
0 0.42987486965589156 0.1326530612244898 0.08185610010427528 0.11317254174397032
0 0.43613138686131386 0.2727272727272727 0.0808133472367049 0.10760667903525047
0 0.6764859228362878 0.9308905380333952 0.07977059436913451 0.10853432282003711
0 0.33420229405630864 0.12569573283858998 0.08550573514077164 0.11781076066790352
0 0.3305526590198123 0.40538033395176254 0.08550573514077164 0.11873840445269017
0 0.5531803962460897 0.8033395176252319 0.08342022940563086 0.10575139146567718
0 0.2523461939520334 0.1326530612244898 0.08550573514077164 0.11131725417439703
0 0.3370698644421272 0.538961038961039 0.06204379562043796 0.13543599257884972
0 0.593065693430657 0.6572356215213359 0.07455683003128259 0.10482374768089053
0 0.5849843587069864 0.13218923933209648 0.08654848800834203 0.10853432282003711
0 0.5442283628779979 0.47217068645640076 0.08741918665276328 0.11131725417439703
0 0.9113660062565172 0.7750463821892394 0.1772679874869656 0.42207792207792205
0 0.4479509906152242 0.9225417439703154 0.08776329509906153 0.11410018552875696
0 0.6707507820646507 0.5292207792207793 0.07559958289885298 0.10111317254174397
0 0.2205422314911366 0.5055658627087198 0.058394160583941604 0.1280148423005566
0 0.5526590198123045 0.6941836734693878 0.08689781021897809 0.10822820037105751
0 0.2437434827945777 0.3880612244897959 0.06343587069864443 0.12059369202226346
0 0.6712721584984359 0.27442486085343226 0.08602711157455684 0.11286641929499072