0 0.5891089108910891 0.922613531047266 0.07764460656591975 0.10658016682113068
0 0.5885878061490359 0.6830398517145505 0.07868681605002606 0.10194624652455977
0 0.5875455966649297 0.8044485634847081 0.07660239708181345 0.10379981464318813
0 0.6769150599270454 0.6246524559777572 0.08337675872850443 0.10009267840593142
0 0.6761334028139656 0.5157553290083411 0.08181344450234497 0.09545875810936053
0 0.5841584158415841 0.45736793327154773 0.0760812923397603 0.1010194624652456
0 0.45544554455445546 0.36654309545875813 0.0583637311099531 0.08063021316033364
0 0.3293381969775925 0.4045412418906395 0.08650338718082334 0.11399443929564411
0 0.5260552371026577 0.21825764596848934 0.05680041688379364 0.14550509731232622
0 0.4450234497133924 0.45134383688600554 0.07920792079207921 0.10379981464318813
0 0.7655028660760813 0.9295644114921223 0.08233454924439812 0.12233549582947173
0 0.32542991141219385 0.25393883225208524 0.08285565398645128 0.11121408711770157
0 0.3264721208963002 0.5254865616311399 0.08494007295466388 0.10750695088044486
0 0.5852006253256905 0.5379981464318814 0.0771235018238666 0.06580166821130677
0 0.4291297550807712 0.11538461538461539 0.0880667014069828 0.11399443929564411
0 0.5982282438770192 0.21733086190917517 0.041688379364252216 0.12882298424467098
0 0.24048983845752997 0.9235403151065802 0.0891089108910891 0.11584800741427248
0 0.2292860865033872 0.12001853568118628 0.07399687337154769 0.12696941612604262
0 0.571912454403335 0.2201112140871177 0.030396039603960395 0.13438368860055608
0 0.5749504950495049 0.10349397590361446 0.09032308494007296 0.09267840593141798
0 0.5884158415841585 0.593141797961075 0.07729546638874414 0.06487488415199258