0 0.7652423137050547 0.9207599629286376 0.08389786347055758 0.11214087117701575
0 0.6711829077644607 0.7900834105653383 0.0771235018238666 0.11770157553290084
0 0.6753517457008859 0.9202965708989805 0.07920792079207921 0.12048192771084337
0 0.5680041688379365 0.8229842446709916 0.07295466388744137 0.1056533827618165
0 0.563314226159458 0.40129749768303985 0.07087024491922876 0.11121408711770157
0 0.5789473684210527 0.5673493975903614 0.07191245440333507 0.16280815569972196
0 0.5912819176654508 0.9184430027803522 0.08233454924439812 0.10379981464318813
0 0.5820739968733716 0.14782205746061167 0.07087024491922876 0.1102873030583874
0 0.9121938509640438 0.7771084337349398 0.17561229807191245 0.41427247451343835
0 0.6714434601354873 0.5129749768303985 0.07764460656591975 0.10472659870250231
0 0.44893173527879104 0.46107506950880445 0.058884835852006254 0.14921223354958293
0 0.32985930171964567 0.9267840593141798 0.08650338718082334 0.11121408711770157
0 0.32959874934861905 0.7743280815569972 0.08494007295466388 0.11214087117701575
0 0.6745700885878061 0.6297497683039852 0.08007816571130796 0.11214087117701575
0 0.48853569567483063 0.726598702502317 0.06409588327253778 0.1519925857275255
0 0.2399687337154768 0.9346617238183503 0.09119332985930172 0.12511584800741427
0 0.5755601875977071 0.7038924930491196 0.053673788431474724 0.10843373493975904
0 0.6866440854611777 0.3132530120481928 0.08476810838978634 0.11306765523632993
0 0.3285565398645128 0.41427247451343835 0.08389786347055758 0.11306765523632993
0 0.32959874934861905 0.5329008341056534 0.08389786347055758 0.10936051899907322
0 0.23475768629494528 0.1144578313253012 0.08702449192287649 0.10843373493975904
0 0.4768108389786347 0.393725671918443 0.06357477853048463 0.15354031510658014
0 0.46421573736321003 0.4232344763670065 0.06340281396560708 0.13901760889712697
0 0.4351224596143825 0.12048192771084337 0.08511203751954144 0.10812789620018536
0 0.6344450234497134 0.30815569972196477 0.021714434601354873 0.1096663577386469