0 0.5440333507034913 0.6974050046339203 0.07295466388744137 0.09545875810936053
0 0.5526315789473685 0.7961075069508804 0.07556018759770713 0.09823911028730306
0 0.5779051589369463 0.917516218721038 0.07503908285565399 0.10009267840593142
0 0.5291818655549766 0.5912882298424467 0.0672225117248567 0.09453197405004633
0 0.660500260552371 0.8104726598702502 0.07660239708181345 0.09916589434661724
0 0.6607608129233976 0.44207599629286376 0.0760812923397603 0.09823911028730306
0 0.6584158415841584 0.9189063948100092 0.07451797811360084 0.09731232622798888
0 0.4194893173527879 0.9244670991658943 0.08337675872850443 0.11399443929564411
0 0.4166232412714956 0.17701575532900835 0.07451797811360084 0.1056533827618165
0 0.6589369463262116 0.6482854494902688 0.07451797811360084 0.09731232622798888
0 0.5706096925482022 0.17284522706209454 0.0760812923397603 0.1102873030583874
0 0.24596143824908806 0.9105653382761817 0.06982803543512246 0.10658016682113068
0 0.10387180823345493 0.7571825764596849 0.1611933298593017 0.3818350324374421
0 0.6568525273579989 0.5375347544022243 0.07451797811360084 0.08897126969416126
0 0.3388900468994268 0.5469601482854495 0.07538822303282959 0.10349397590361446