0 0.5450755601875977 0.3860055607043559 0.06878582595101615 0.1566265060240964
0 0.6686659718603439 0.8033642261353106 0.08980198019801981 0.1238832252085264
0 0.6550286607608129 0.5287303058387396 0.06357477853048463 0.11214087117701575
0 0.3324648254299114 0.12140871177015755 0.08025013027618551 0.11492122335495829
0 0.24934861907243355 0.12326227988878591 0.0859822824387702 0.11677479147358666
0 0.44971339239187075 0.3540315106580167 0.07920792079207921 0.10750695088044486
0 0.3293381969775925 0.23308619091751623 0.08233454924439812 0.11584800741427248
0 0.7561229807191245 0.9337349397590361 0.08546117769671704 0.1102873030583874
0 0.4439812402292861 0.9087117701575533 0.07087024491922876 0.1566265060240964
0 0.3447107868681605 0.5115848007414272 0.09640437727983325 0.12233549582947173
0 0.34549244398124024 0.6269694161260426 0.09067222511724857 0.11214087117701575
0 0.5679155810317873 0.1144578313253012 0.09397081813444504 0.12140871177015755
0 0.5678322042730589 0.9337349397590361 0.08823866597186035 0.11584800741427248
0 0.6697915581031787 0.9341983317886933 0.08615424700364774 0.11492122335495829
0 0.9108910891089109 0.7752548656163114 0.1750911933298593 0.40500463392029656
0 0.6532047941636269 0.6507599629286376 0.08389786347055758 0.11151992585727526
0 0.3256904637832204 0.9138090824837812 0.09275664408546118 0.12604263206672844
0 0.7652423137050547 0.5315106580166821 0.08389786347055758 0.1010194624652456