0 0.3272537780093799 0.1195551436515292 0.08025013027618551 0.10379981464318813
0 0.6779572694111516 0.9374420759962928 0.08025013027618551 0.11770157553290084
0 0.41766545075560185 0.12233549582947173 0.08077123501823867 0.11121408711770157
0 0.43955184992183427 0.32854494902687675 0.07764460656591975 0.1010194624652456
0 0.32673267326732675 0.23493975903614459 0.08546117769671704 0.11214087117701575
0 0.24257425742574257 0.11167747914735866 0.07972902553413236 0.10658016682113068
0 0.43434080250130275 0.44670991658943465 0.08181344450234497 0.10379981464318813
0 0.5938874413757166 0.15724745134383689 0.08198540906722251 0.11368860055607044
0 0.33142261594580513 0.4490268767377201 0.08754559666492966 0.11584800741427248
0 0.42417926003126627 0.8887859128822985 0.08129233976029182 0.10009267840593142
0 0.3269932256383533 0.5690454124189064 0.08702449192287649 0.11121408711770157
0 0.4392912975508077 0.19416126042632068 0.0781657113079729 0.03614457831325301
0 0.9116727462219906 0.7738646895273401 0.17665450755601875 0.4151992585727525
0 0.7652423137050547 0.9267840593141798 0.08494007295466388 0.11677479147358666
0 0.6714434601354873 0.8081556997219648 0.08077123501823867 0.11862835959221502
0 0.6724856696195936 0.4712696941612604 0.07347576862949452 0.10287303058387395
0 0.6706618030224075 0.5866543095458758 0.0771235018238666 0.10379981464318813
0 0.5870244919228765 0.9346617238183503 0.0891089108910891 0.12326227988878591
0 0.23084940072954663 0.9406858202038925 0.07920792079207921 0.10936051899907322
0 0.43824908806670143 0.25903614457831325 0.0771235018238666 0.04541241890639481
0 0.4399009900990099 0.22242817423540315 0.08250651380927568 0.021621872103799813
0 0.44120375195414274 0.9136515291936979 0.08858780614903596 0.12511584800741427