0 0.37415320479416364 0.18396663577386468 0.0760812923397603 0.10472659870250231
0 0.6362688900468995 0.8637627432808156 0.08025013027618551 0.11121408711770157
0 0.3733715476810839 0.0690454124189064 0.07972902553413236 0.11399443929564411
0 0.3798853569567483 0.3531047265987025 0.08337675872850443 0.10750695088044486
0 0.4632621156852527 0.1978683966635774 0.07295466388744137 0.06950880444856349
0 0.544293903074518 0.5699721964782206 0.07451797811360084 0.10750695088044486
0 0.5515893694632621 0.8665430954587581 0.08494007295466388 0.11492122335495829
0 0.638353309015112 0.5869601482854495 0.08233454924439812 0.11368860055607044
0 0.7699322563835331 0.3985171455050973 0.06618030224075039 0.12048192771084337
0 0.3746743095362168 0.4712696941612604 0.08025013027618551 0.10287303058387395
0 0.5297915581031787 0.05468025949953661 0.0965763418447108 0.10936051899907322
0 0.9047264200104221 0.77 0.16310578426263678 0.4117979610750695
0 0.45831162063574776 0.866079703429101 0.08494007295466388 0.11770157553290084
0 0.6370505471599791 0.3586654309545876 0.08285565398645128 0.11121408711770157
0 0.6354872329338197 0.4749768303985171 0.0880667014069828 0.11584800741427248
0 0.3725898905680042 0.5806302131603337 0.0781657113079729 0.10287303058387395
0 0.6321000521104742 0.18164967562557924 0.08025013027618551 0.10936051899907322
0 0.4645648775403856 0.2761816496756256 0.07139134966128191 0.10194624652455977
0 0.7858259510161543 0.5157553290083411 0.041688379364252216 0.10472659870250231
0 0.5354351224596143 0.6286654309545876 0.0877175612298072 0.11430027803521779