0 0.57686294945284 0.9402224281742354 0.08233454924439812 0.11770157553290084
0 0.414538822303283 0.20018535681186284 0.07556018759770713 0.11121408711770157
0 0.655549765502866 0.8086190917516218 0.0781657113079729 0.1010194624652456
0 0.6589369463262116 0.9314179796107507 0.07972902553413236 0.11492122335495829
0 0.33011985409067224 0.18072289156626506 0.07660239708181345 0.10750695088044486
0 0.2532569046378322 0.18118628359592215 0.07295466388744137 0.09916589434661724
0 0.3389786347055758 0.29842446709916587 0.07660239708181345 0.10379981464318813
0 0.3348097967691506 0.44346617238183506 0.07764460656591975 0.09731232622798888
0 0.7459614382490881 0.9267840593141798 0.0859822824387702 0.1278962001853568
0 0.43668577384054197 0.9110287303058388 0.08129233976029182 0.10936051899907322
0 0.6607608129233976 0.28174235403151066 0.07503908285565399 0.10194624652455977
0 0.6612819176654507 0.5440222428174235 0.0760812923397603 0.09823911028730306
0 0.6612819176654507 0.44300278035217794 0.07920792079207921 0.11121408711770157
0 0.32959874934861905 0.6686746987951807 0.08181344450234497 0.11399443929564411
0 0.3371547681083898 0.5477293790546802 0.0781657113079729 0.10009267840593142
0 0.7384054194893174 0.17516218721038 0.0771235018238666 0.11121408711770157
0 0.43434080250130275 0.8419833178869324 0.058884835852006254 0.03985171455050973
0 0.537608129233976 0.18149212233549583 0.08685252735799895 0.15910101946246524
0 0.2297186034392913 0.5066450417052827 0.032136529442417926 0.12048192771084337
0 0.24318394997394477 0.3861631139944393 0.02779051589369463 0.11430027803521779