0 0.912714955706097 0.7747914735866543 0.17457008858780615 0.40963855421686746
0 0.327774882751433 0.4114921223354958 0.08754559666492966 0.11492122335495829
0 0.3410630536737884 0.6496756255792401 0.0880667014069828 0.1056533827618165
0 0.4265242313705055 0.9323447636700649 0.09431995831162064 0.1278962001853568
0 0.32985930171964567 0.2664504170528267 0.08754559666492966 0.11584800741427248
0 0.6693590411672746 0.6404077849860983 0.0880667014069828 0.12604263206672844
0 0.3316831683168317 0.11631139944392957 0.0880667014069828 0.1195551436515292
0 0.41610213652944245 0.11353104726598702 0.0891089108910891 0.11584800741427248
0 0.4353830119854091 0.23354958294717332 0.07868681605002606 0.10009267840593142
0 0.5396039603960396 0.6302131603336423 0.09015112037519542 0.11677479147358666
0 0.6774361646690985 0.793790546802595 0.08025013027618551 0.11770157553290084
0 0.6815164147993746 0.9216867469879518 0.09258467952058363 0.12511584800741427
0 0.6727462219906201 0.2812789620018536 0.0760812923397603 0.11584800741427248
0 0.32985930171964567 0.5231696014828545 0.08754559666492966 0.1102873030583874
0 0.7613340281396561 0.9295644114921223 0.08337675872850443 0.12418906394810009
0 0.6644085461177697 0.5064874884151993 0.06774361646690985 0.10843373493975904
0 0.7325846795205836 0.40160333642261353 0.05645127670661803 0.11121408711770157
0 0.7404012506513808 0.49814643188137164 0.06340281396560708 0.0818628359592215
0 0.23797290255341325 0.1374698795180723 0.08511203751954144 0.11739573679332715