0 0.6565919749869724 0.6640407784986099 0.0760812923397603 0.09731232622798888
0 0.6459093277748827 0.8906394810009268 0.07451797811360084 0.09453197405004633
0 0.5648775403856175 0.8911028730305839 0.06982803543512246 0.09731232622798888
0 0.5627931214174049 0.7803521779425394 0.07087024491922876 0.09823911028730306
0 0.7243355914538823 0.891566265060241 0.0760812923397603 0.0963855421686747
0 0.5656591974986972 0.6756255792400371 0.07139134966128191 0.09453197405004633
0 0.42105263157894735 0.20713623725671917 0.07399687337154769 0.10658016682113068
0 0.341323606044815 0.20481927710843373 0.07920792079207921 0.10750695088044486
0 0.5651380927566441 0.20342910101946246 0.07347576862949452 0.10658016682113068
0 0.34549244398124024 0.3132530120481928 0.08129233976029182 0.10379981464318813
0 0.6657113079729026 0.5375347544022243 0.058884835852006254 0.13160333642261354
0 0.343147472642001 0.5449490268767377 0.08702449192287649 0.10936051899907322
0 0.3389786347055758 0.4309545875810936 0.08077123501823867 0.10009267840593142
0 0.5667014069828036 0.37812789620018533 0.055758207399687336 0.13531047265987026
0 0.2608129233976029 0.21037998146431883 0.07972902553413236 0.10194624652455977
0 0.5646169880145909 0.5801668211306765 0.07034914017717561 0.10009267840593142
0 0.10213652944241793 0.758109360518999 0.15737363210005212 0.376274328081557
0 0.5672225117248567 0.48285449490268767 0.07139134966128191 0.10009267840593142
0 0.43095362167795725 0.9346617238183503 0.09275664408546118 0.12696941612604262
0 0.33654507556018765 0.6665152919369787 0.07903595622720166 0.10349397590361446