0 0.44723092998955066 0.9090485074626866 0.0741901776384535 0.10167910447761194
0 0.5619122257053292 0.7751865671641791 0.06844305120167189 0.08955223880597014
0 0.6554336468129571 0.914179104477612 0.07889237199582028 0.11007462686567164
0 0.3500522466039707 0.7569962686567164 0.07523510971786834 0.09794776119402986
0 0.4772727272727273 0.6963619402985075 0.06426332288401254 0.09235074626865672
0 0.656478578892372 0.5433768656716418 0.07366771159874608 0.09794776119402986
0 0.5475444096133751 0.5363805970149254 0.07001044932079414 0.09888059701492537
0 0.6554336468129571 0.6469216417910447 0.07157784743991641 0.09235074626865672
0 0.737460815047022 0.90625 0.08202716823406478 0.10914179104477612
0 0.35440438871473356 0.5550373134328358 0.05747126436781609 0.13370335820895524
0 0.3461337513061651 0.43843283582089554 0.07749738766980147 0.09950559701492538
0 0.4205851619644723 0.3451492537313433 0.07663009404388714 0.09638992537313433
0 0.44670846394984326 0.5628078358208956 0.055731452455590386 0.13370335820895524
0 0.2747283176593522 0.870643656716418 0.08446708463949842 0.16480410447761193
0 0.264717868338558 0.8900839552238805 0.055731452455590386 0.16013992537313432
0 0.27951933124346917 0.8924160447761194 0.06618077324973877 0.16480410447761193
0 0.34395506792058517 0.2814085820895523 0.07663009404388714 0.10261194029850747
0 0.4432236154649948 0.30783582089552236 0.07836990595611286 0.09950559701492538
0 0.44496865203761754 0.4298787313432836 0.05747126436781609 0.13526119402985073
0 0.5834221525600837 0.17568097014925374 0.07836990595611286 0.11194029850746269
0 0.42972831765935215 0.1609141791044776 0.07575757575757576 0.104169776119403
0 0.3413427377220481 0.17180037313432836 0.07663009404388714 0.09794776119402986
0 0.5699216300940438 0.8263339552238806 0.07575757575757576 0.10727611940298508