0 0.4525794684731631 0.38322520852641334 0.07660239708181345 0.10658016682113068
0 0.4507556018759771 0.27201112140871175 0.07920792079207921 0.10658016682113068
0 0.6261073475768629 0.7497683039851715 0.08181344450234497 0.10750695088044486
0 0.3551328817092236 0.3563484708063021 0.08077123501823867 0.1102873030583874
0 0.5422094841063053 0.4267840593141798 0.06201146430432517 0.1417979610750695
0 0.5369984366857739 0.5695088044485634 0.07139134966128191 0.0917516218721038
0 0.5398645127670662 0.8517145505097312 0.061490359562272015 0.13531047265987026
0 0.6219385096404377 0.6061167747914736 0.06618030224075039 0.13160333642261354
0 0.5409067222511725 0.7187210379981465 0.07087024491922876 0.056533827618164965
0 0.6203751954142783 0.35449490268767375 0.08389786347055758 0.11214087117701575
0 0.5388223032829599 0.6404077849860983 0.07191245440333507 0.03521779425393883
0 0.5359562272016676 0.6719184430027804 0.07034914017717561 0.042632066728452274
0 0.9075039082855654 0.7706209453197405 0.17561229807191245 0.41241890639481
0 0.26133402813965606 0.8683966635773864 0.08077123501823867 0.10194624652455977
0 0.7193850964043773 0.0597775718257646 0.07972902553413236 0.1195551436515292
0 0.4418968212610735 0.8600556070435589 0.08233454924439812 0.11677479147358666
0 0.356696195935383 0.4666357738646895 0.08077123501823867 0.09731232622798888
0 0.3593017196456488 0.5699721964782206 0.07868681605002606 0.0963855421686747
0 0.35487232933819696 0.06950880444856349 0.07503908285565399 0.09823911028730306
0 0.6214174048983846 0.46570898980537534 0.08077123501823867 0.10843373493975904
0 0.6208963001563315 0.2015755329008341 0.08181344450234497 0.11584800741427248
0 0.631578947368421 0.8716404077849861 0.08233454924439812 0.10287303058387395
0 0.5286607608129233 0.06765523632993513 0.09327774882751433 0.12974976830398516
0 0.5232777488275143 0.47342910101946245 0.0877175612298072 0.11276181649675626