8 0.32890625 0.26015625 0.08984375 0.121875
5 0.24140625 0.140625 0.08671875 0.1140625
9 0.32734375 0.13515625 0.08828125 0.115625
22 0.4171875 0.14453125 0.08828125 0.11875
75 0.32421875 0.396875 0.0875 0.1140625
7 0.3296875 0.54453125 0.08671875 0.11875
63 0.6734375 0.5328125 0.08515625 0.1140625
75 0.66640625 0.65078125 0.08515625 0.109375
8 0.675 0.8203125 0.08359375 0.1140625
65 0.43515625 0.928125 0.1046875 0.14375
5 0.759375 0.93515625 0.0828125 0.109375
76 0.67578125 0.9390625 0.0828125 0.1078125
18 0.5875 0.93828125 0.0828125 0.109375
64 0.578125 0.14140625 0.08515625 0.109375