0 0.9106305367378843 0.7761816496756255 0.17873892652423137 0.41427247451343835
0 0.6633663366336634 0.6385542168674698 0.07503908285565399 0.10009267840593142
0 0.4744658676393955 0.34986098239110286 0.08285565398645128 0.11770157553290084
0 0.5685252735799896 0.3628359592215014 0.06357477853048463 0.14365152919369786
0 0.5974465867639396 0.9406858202038925 0.07347576862949452 0.11306765523632993
0 0.6696195935383012 0.8044485634847081 0.08129233976029182 0.12233549582947173
0 0.33142261594580513 0.6334569045412419 0.08546117769671704 0.09916589434661724
0 0.3306409588327254 0.11584800741427248 0.0859822824387702 0.12048192771084337
0 0.33428869202709743 0.25857275254865614 0.06930693069306931 0.1519925857275255
0 0.7628973423658155 0.9286376274328082 0.08129233976029182 0.12048192771084337
0 0.6818655549765503 0.932808155699722 0.07451797811360084 0.1102873030583874
0 0.4129755080771235 0.11353104726598702 0.08389786347055758 0.11584800741427248
0 0.23970818134445024 0.13206672845227063 0.08546117769671704 0.10843373493975904
0 0.3238665971860344 0.5222428174235403 0.0859822824387702 0.10287303058387395
0 0.5583637311099531 0.123725671918443 0.0859822824387702 0.12882298424467098
0 0.4252214695153726 0.9309545875810936 0.09067222511724857 0.1195551436515292
0 0.6591974986972381 0.5129749768303985 0.05419489317352788 0.10658016682113068
0 0.44346013548723295 0.6385542168674698 0.08441896821261073 0.10936051899907322
0 0.7662845231891611 0.1274328081556997 0.08494007295466388 0.12511584800741427
0 0.7139134966128192 0.44099165894346615 0.05384575299635227 0.1374698795180723
0 0.7073996873371547 0.505097312326228 0.04429390307451798 0.08032437442075996
0 0.7091349661281917 0.5699721964782206 0.04950495049504951 0.0772289156626506