0 0.41796875 0.125 0.0796875 0.09921875
0 0.91015625 0.778125 0.16640625 0.41171875
0 0.54765625 0.44453125 0.084375 0.1125
0 0.5609375 0.57578125 0.08515625 0.1140625
0 0.67578125 0.1234375 0.09140625 0.134375
0 0.33046875 0.1234375 0.0796875 0.10078125
0 0.328125 0.23984375 0.08203125 0.1046875
0 0.56015625 0.2671875 0.0828125 0.1078125
0 0.6703125 0.24921875 0.0859375 0.11640625
0 0.67265625 0.53125 0.05859375 0.1390625
0 0.67109375 0.4046875 0.08203125 0.1140625
0 0.58671875 0.13125 0.08046875 0.11015625
0 0.684375 0.8203125 0.08515625 0.10625
0 0.25 0.11796875 0.07109375 0.09765625
0 0.32734375 0.58828125 0.0765625 0.0984375
0 0.328125 0.459375 0.084375 0.1125
0 0.428125 0.93125 0.084375 0.10625
0 0.76640625 0.128125 0.07734375 0.09765625
0 0.54140625 0.909375 0.0765625 0.178125
0 0.6109375 0.921875 0.0625 0.15234375
0 0.32734375 0.81484375 0.08046875 0.10546875
0 0.2390625 0.93125 0.08125 0.1078125
0 0.32578125 0.93203125 0.08046875 0.1140625