0 0.5359375 0.5953125 0.08515625 0.11484375
0 0.41953125 0.36953125 0.08203125 0.10859375
0 0.353125 0.11796875 0.08515625 0.11484375
0 0.909375 0.78203125 0.17109375 0.421875
0 0.56796875 0.10859375 0.09609375 0.1015625
0 0.415625 0.4921875 0.07890625 0.10546875
0 0.325 0.41484375 0.08046875 0.10625
0 0.31796875 0.23203125 0.08515625 0.11640625
0 0.67265625 0.81796875 0.08828125 0.1125
0 0.22578125 0.20703125 0.0703125 0.1125
0 0.3265625 0.5296875 0.08515625 0.1140625
0 0.67265625 0.659375 0.08671875 0.1234375
0 0.6765625 0.94609375 0.08515625 0.1046875
0 0.76875 0.09140625 0.0828125 0.0703125
0 0.4421875 0.1171875 0.08984375 0.11796875
0 0.5828125 0.940625 0.08359375 0.11484375
0 0.4265625 0.88515625 0.059375 0.06875
0 0.31875 0.665625 0.08046875 0.10625
0 0.76484375 0.9265625 0.08828125 0.12421875
0 0.37109375 0.22890625 0.0265625 0.1109375
0 0.39609375 0.23203125 0.0203125 0.1109375
0 0.4125 0.234375 0.0171875 0.109375
0 0.43203125 0.234375 0.021875 0.109375
0 0.4484375 0.2296875 0.015625 0.10625
0 0.4671875 0.23359375 0.0234375 0.1046875
0 0.48203125 0.23203125 0.02109375 0.1078125
0 0.43046875 0.9625 0.05 0.06796875