0 0.37363210005211045 0.35125115848007415 0.07503908285565399 0.10194624652455977
0 0.3824908806670141 0.47080630213160335 0.08129233976029182 0.10750695088044486
0 0.6347055758207399 0.5681186283595923 0.06982803543512246 0.09267840593141798
0 0.4512767066180302 0.08202038924930491 0.0781657113079729 0.11584800741427248
0 0.5158936946326211 0.5379981464318814 0.0781657113079729 0.11770157553290084
0 0.6344450234497134 0.4606116774791474 0.07139134966128191 0.09453197405004633
0 0.607608129233976 0.2154772937905468 0.02918186555497655 0.09916589434661724
0 0.6612819176654507 0.21779425393883226 0.07503908285565399 0.09823911028730306
0 0.9093277748827514 0.7687673772011121 0.1771756122980719 0.41427247451343835
0 0.47029702970297027 0.26876737720111216 0.07660239708181345 0.10379981464318813
0 0.4601354872329338 0.8758109360518999 0.07191245440333507 0.09267840593141798
0 0.7668056279312142 0.06672845227062095 0.08181344450234497 0.12048192771084337
0 0.513548723293382 0.6380908248378128 0.053673788431474724 0.06765523632993513
0 0.5631422615945806 0.06101019462465245 0.08511203751954144 0.11276181649675626