0 0.5523710265763419 0.7168674698795181 0.07087024491922876 0.08989805375347544
0 0.4324283480979677 0.16357738646895273 0.08216258467952058 0.11214087117701575
0 0.5539343408025013 0.9360518999073216 0.07191245440333507 0.10194624652455977
0 0.4590932777488275 0.5125115848007414 0.06878582595101615 0.10379981464318813
0 0.46169880145909326 0.38322520852641334 0.06461698801459093 0.1102873030583874
0 0.5515893694632621 0.8276181649675626 0.07034914017717561 0.09823911028730306
0 0.6425221469515373 0.9462465245597775 0.07503908285565399 0.10379981464318813
0 0.7305888483585201 0.9406858202038925 0.07087024491922876 0.10009267840593142
0 0.5177175612298072 0.5273401297497683 0.053673788431474724 0.13531047265987026
0 0.3449713392391871 0.16218721037998146 0.0781657113079729 0.10379981464318813
0 0.640177175612298 0.8174235403151066 0.07451797811360084 0.09823911028730306
0 0.4424179260031266 0.2808155699721965 0.06982803543512246 0.0963855421686747
0 0.5471599791558103 0.1881371640407785 0.07191245440333507 0.10750695088044486
0 0.2621156852527358 0.15801668211306766 0.07920792079207921 0.10472659870250231
0 0.34418968212610734 0.44810009267840595 0.06305367378843148 0.1380908248378128
0 0.5216258467952058 0.37395736793327156 0.05419489317352788 0.13438368860055608
0 0.4572694111516415 0.6399443929564411 0.07451797811360084 0.08433734939759036
0 0.6456487754038561 0.5630213160333642 0.07399687337154769 0.09916589434661724
0 0.43694632621156854 0.9513438368860055 0.0880667014069828 0.09360518999073215
0 0.6466909848879625 0.47775718257645966 0.07295466388744137 0.0732159406858202
0 0.429911412193851 0.8524837812789621 0.07399687337154769 0.11151992585727526
0 0.3469671704012507 0.2788044485634847 0.07903595622720166 0.1003985171455051
0 0.4563991662324127 0.841825764596849 0.07903595622720166 0.105032437442076