0 0.440625 0.34140625 0.09453125 0.14921875
0 0.5734375 0.175 0.078125 0.1828125
0 0.671875 0.4171875 0.08359375 0.1078125
0 0.43671875 0.21953125 0.08515625 0.115625
0 0.6671875 0.81953125 0.08046875 0.1046875
0 0.66875 0.6578125 0.08125 0.1125
0 0.5671875 0.8328125 0.0765625 0.10078125
0 0.33046875 0.1375 0.08671875 0.11640625
0 0.909375 0.78125 0.1703125 0.42265625
0 0.76015625 0.53046875 0.08828125 0.1140625
0 0.4453125 0.79921875 0.07421875 0.09609375
0 0.66640625 0.53828125 0.0828125 0.1078125
0 0.75078125 0.93671875 0.08046875 0.10078125
0 0.3125 0.93671875 0.10078125 0.1234375
0 0.40625 0.934375 0.09609375 0.128125
0 0.6640625 0.93671875 0.08046875 0.1015625
0 0.3296875 0.553125 0.0625 0.13125
0 0.240625 0.13125 0.0796875 0.1046875
0 0.6890625 0.6609375 0.028125 0.0859375
0 0.21796875 0.9359375 0.05390625 0.12421875
0 0.6875 0.81796875 0.02734375 0.08515625
0 0.2296875 0.915625 0.06015625 0.140625
0 0.58046875 0.934375 0.07890625 0.1015625
0 0.69140625 0.41640625 0.02734375 0.08515625
0 0.3265625 0.24609375 0.07734375 0.1046875
0 0.33203125 0.39765625 0.0890625 0.078125