0 0.565625 0.1796875 0.06796875 0.1640625
0 0.33125 0.41875 0.08515625 0.11484375
0 0.53359375 0.70703125 0.06171875 0.140625
0 0.3390625 0.12265625 0.08515625 0.1109375
0 0.428125 0.13203125 0.09296875 0.1359375
0 0.33515625 0.253125 0.08828125 0.1234375
0 0.7421875 0.4328125 0.075 0.17578125
0 0.43359375 0.25625 0.08203125 0.11015625
0 0.4421875 0.43828125 0.0828125 0.1109375
0 0.32265625 0.6546875 0.09453125 0.13359375
0 0.909375 0.78046875 0.1703125 0.41796875
0 0.321875 0.53515625 0.09453125 0.11796875
0 0.6765625 0.6609375 0.08359375 0.11953125
0 0.7828125 0.1484375 0.05390625 0.12890625
0 0.7625 0.95 0.08515625 0.09609375
0 0.6765625 0.5265625 0.084375 0.11484375
0 0.4390625 0.55625 0.084375 0.11875
0 0.42890625 0.92890625 0.11015625 0.13125
0 0.53125 0.60625 0.05703125 0.06640625
0 0.6765625 0.41640625 0.08046875 0.10625
0 0.53125 0.6421875 0.0609375 0.1421875