0 0.4109375 0.1359375 0.08515625 0.115625
0 0.42890625 0.290625 0.0828125 0.109375
0 0.5390625 0.55390625 0.08046875 0.10390625
0 0.58125 0.153125 0.06875 0.15390625
0 0.240625 0.53828125 0.06015625 0.14765625
0 0.3265625 0.653125 0.084375 0.1125
0 0.67109375 0.65 0.08125 0.1046875
0 0.32421875 0.13359375 0.08515625 0.115625
0 0.234375 0.1359375 0.08828125 0.11484375
0 0.909375 0.77734375 0.16953125 0.41328125
0 0.37265625 0.38984375 0.05390625 0.06875
0 0.325 0.26171875 0.08515625 0.11953125
0 0.6703125 0.81953125 0.08046875 0.1046875
0 0.32578125 0.52890625 0.08671875 0.11796875
0 0.66953125 0.5359375 0.08125 0.1046875
0 0.4234375 0.9265625 0.0875 0.11328125
0 0.584375 0.934375 0.08046875 0.1
0 0.3296875 0.40390625 0.084375 0.11796875
0 0.6671875 0.93671875 0.07890625 0.103125
0 0.7515625 0.9359375 0.08359375 0.103125
0 0.56015625 0.55546875 0.02578125 0.08515625
0 0.30859375 0.946875 0.08828125 0.103125
0 0.5828125 0.2078125 0.0859375 0.11328125