0 0.3303804064616988 0.8151065801668211 0.08546117769671704 0.11399443929564411
0 0.24726420010422095 0.9096385542168675 0.09431995831162064 0.14365152919369786
0 0.4041167274622199 0.1464318813716404 0.06409588327253778 0.15384615384615385
0 0.33428869202709743 0.9462465245597775 0.08389786347055758 0.10379981464318813
0 0.32751433038040645 0.67516218721038 0.08077123501823867 0.10472659870250231
0 0.4465867639395518 0.6733086190917517 0.08337675872850443 0.1102873030583874
0 0.6761334028139656 0.9406858202038925 0.07660239708181345 0.11121408711770157
0 0.3316831683168317 0.5004633920296571 0.08077123501823867 0.10750695088044486
0 0.7678478374153205 0.133920296570899 0.07451797811360084 0.1102873030583874
0 0.7678478374153205 0.9411492122335496 0.08285565398645128 0.1102873030583874
0 0.5898905680041688 0.938368860055607 0.08789473684210526 0.11584800741427248
0 0.44424179260031266 0.5092678405931418 0.08285565398645128 0.10843373493975904
0 0.6766545075560187 0.8183503243744208 0.07868681605002606 0.10936051899907322
0 0.6701406982803544 0.5347544022242817 0.07503908285565399 0.10194624652455977
0 0.4682126107347577 0.14133456904541242 0.05784262636789995 0.14365152919369786
0 0.5622720166753518 0.20558850787766453 0.09067222511724857 0.1282020389249305
0 0.9119332985930172 0.7743280815569972 0.1761334028139656 0.41427247451343835
0 0.43303804064616985 0.7979610750695088 0.08546117769671704 0.11492122335495829
0 0.7662845231891611 0.22613531047265986 0.07556018759770713 0.04448563484708063
0 0.4226159458051068 0.9286376274328082 0.08441896821261073 0.10936051899907322
0 0.6729181865554976 0.6543095458758109 0.08615424700364774 0.10936051899907322
0 0.7673267326732673 0.1936978683966636 0.07347576862949452 0.024096385542168676
0 0.5649661281917666 0.17222428174235405 0.09119332985930172 0.12202965708989805