0 0.56953125 0.12109375 0.09609375 0.1296875
0 0.68984375 0.11640625 0.09453125 0.11484375
0 0.4515625 0.3546875 0.08125 0.10625
0 0.33046875 0.2359375 0.08515625 0.11953125
0 0.909375 0.78046875 0.17109375 0.42109375
0 0.54375 0.3875 0.065625 0.15234375
0 0.2484375 0.1234375 0.08515625 0.11484375
0 0.66875 0.80859375 0.08515625 0.1234375
0 0.34609375 0.51328125 0.0953125 0.12421875
0 0.7671875 0.5328125 0.08046875 0.10859375
0 0.75390625 0.934375 0.08359375 0.10546875
0 0.33359375 0.1203125 0.0828125 0.11015625
0 0.65234375 0.65234375 0.08046875 0.10859375
0 0.66796875 0.934375 0.0828125 0.1140625
0 0.34453125 0.62578125 0.08515625 0.11484375
0 0.46796875 0.434375 0.02421875 0.04453125
0 0.575 0.9328125 0.09765625 0.11015625
0 0.65546875 0.52890625 0.06484375 0.115625
0 0.309375 0.2328125 0.0265625 0.0859375
0 0.4453125 0.43359375 0.0234375 0.04375
0 0.44140625 0.91484375 0.065625 0.1546875
0 0.3234375 0.91328125 0.08984375 0.12734375