0 0.90234375 0.7703125 0.16328125 0.40703125
0 0.45234375 0.27265625 0.0828125 0.11015625
0 0.61953125 0.2078125 0.08515625 0.11328125
0 0.4546875 0.38515625 0.07890625 0.10546875
0 0.26953125 0.471875 0.08671875 0.11484375
0 0.5234375 0.47109375 0.08046875 0.1046875
0 0.62109375 0.35546875 0.08671875 0.115625
0 0.3578125 0.359375 0.08515625 0.11015625
0 0.3546875 0.0703125 0.0796875 0.10390625
0 0.71875 0.06015625 0.08515625 0.11875
0 0.52734375 0.06796875 0.09375 0.128125
0 0.25703125 0.62265625 0.08515625 0.1125
0 0.44453125 0.86015625 0.0875 0.11875
0 0.3609375 0.5734375 0.07578125 0.0984375
0 0.3578125 0.46796875 0.07890625 0.1
0 0.5421875 0.8546875 0.0640625 0.1421875
0 0.6203125 0.6078125 0.06328125 0.14453125
0 0.62109375 0.46875 0.08359375 0.10859375
0 0.625 0.7515625 0.08671875 0.1109375
0 0.5390625 0.57578125 0.07890625 0.09765625
0 0.2609375 0.87109375 0.07890625 0.103125
0 0.63046875 0.871875 0.0796875 0.103125
0 0.62890625 0.06171875 0.0984375 0.1234375
0 0.53828125 0.67265625 0.07734375 0.040625
0 0.54453125 0.43203125 0.06484375 0.1484375
0 0.5375 0.71953125 0.07734375 0.0515625
0 0.5390625 0.6390625 0.0828125 0.0328125