0 0.6677957269411151 0.24930491195551435 0.08285565398645128 0.12048192771084337
0 0.6722251172485669 0.5273401297497683 0.06044815007816571 0.13901760889712697
0 0.6732673267326733 0.123725671918443 0.09067222511724857 0.13994439295644115
0 0.5870244919228765 0.13160333642261354 0.08181344450234497 0.11121408711770157
0 0.5549765502866076 0.2669138090824838 0.0771235018238666 0.10936051899907322
0 0.5445544554455446 0.44439295644114923 0.07920792079207921 0.11399443929564411
0 0.6823866597186035 0.8178869323447636 0.08702449192287649 0.10658016682113068
0 0.3285565398645128 0.123725671918443 0.07972902553413236 0.10658016682113068
0 0.24752475247524752 0.11677479147358666 0.06982803543512246 0.10750695088044486
0 0.327774882751433 0.23957367933271548 0.08233454924439812 0.10472659870250231
0 0.669098488796248 0.40129749768303985 0.07920792079207921 0.11492122335495829
0 0.32985930171964567 0.4592215013901761 0.08650338718082334 0.11214087117701575
0 0.4174048983845753 0.12326227988878591 0.0771235018238666 0.1056533827618165
0 0.6070870244919229 0.934967562557924 0.061490359562272015 0.12078776645041707
0 0.9106305367378843 0.7747914735866543 0.17665450755601875 0.40963855421686746
0 0.32881709223553934 0.5898980537534755 0.08025013027618551 0.1010194624652456
0 0.4297394476289734 0.9326506024096386 0.07955706096925481 0.10317886932344764
0 0.5423814486711829 0.9334291010194624 0.07208441896821262 0.12759036144578312
0 0.5601875977071391 0.5783132530120482 0.08025013027618551 0.11492122335495829
0 0.7678478374153205 0.1274328081556997 0.07660239708181345 0.10843373493975904
0 0.6122980719124544 0.8565060240963855 0.06426784783741532 0.03243744207599629
0 0.5358676393955185 0.8441427247451344 0.07121938509640437 0.05097312326227989