0 0.5698280354351225 0.4555143651529194 0.07660239708181345 0.10658016682113068
0 0.45961438249088066 0.592678405931418 0.0594059405940594 0.13994439295644115
0 0.674048983845753 0.6371640407784986 0.07972902553413236 0.10472659870250231
0 0.6735278791036998 0.5236329935125116 0.07868681605002606 0.10379981464318813
0 0.5427305888483586 0.5579240037071362 0.06930693069306931 0.10009267840593142
0 0.5505471599791558 0.17238183503243745 0.05784262636789995 0.1519925857275255
0 0.3306409588327254 0.40593141797961074 0.08494007295466388 0.11121408711770157
0 0.447019280875456 0.23493975903614459 0.08945805106826471 0.10843373493975904
0 0.7574257425742574 0.9212233549582948 0.08077123501823867 0.11121408711770157
0 0.6802136529442417 0.4087117701575533 0.0799009900990099 0.11121408711770157
0 0.3285565398645128 0.5189990732159406 0.0880667014069828 0.11492122335495829
0 0.5857217300677436 0.9253938832252085 0.0760812923397603 0.10843373493975904
0 0.3251693590411673 0.6385542168674698 0.09171443460135487 0.10194624652455977
0 0.674048983845753 0.2391102873030584 0.07972902553413236 0.10936051899907322
0 0.4137571651902032 0.12140871177015755 0.0781657113079729 0.10936051899907322
0 0.24257425742574257 0.9337349397590361 0.0859822824387702 0.11214087117701575
0 0.4458051068264721 0.3531047265987025 0.07972902553413236 0.10750695088044486
0 0.32959874934861905 0.1195551436515292 0.08285565398645128 0.11121408711770157
0 0.6724856696195936 0.8081556997219648 0.08181344450234497 0.10750695088044486
0 0.4171443460135487 0.9365152919369787 0.08285565398645128 0.11399443929564411
0 0.9114121938509641 0.7724745134383688 0.1771756122980719 0.4087117701575533
0 0.5388223032829599 0.6510658016682113 0.07087024491922876 0.08433734939759036
0 0.3251693590411673 0.2432808155699722 0.08337675872850443 0.11214087117701575
0 0.6724856696195936 0.9230769230769231 0.08077123501823867 0.10750695088044486
0 0.2433559145388223 0.11584800741427248 0.08754559666492966 0.11306765523632993
0 0.4525794684731631 0.468952734012975 0.07243355914538822 0.10009267840593142
0 0.5701771756122981 0.5290361445783133 0.08077123501823867 0.060240963855421686
0 0.20496612819176654 0.4803799814643189 0.022579468473163104 0.12666357738646894