0 0.5534132360604481 0.34615384615384615 0.06357477853048463 0.15291936978683968
0 0.32542991141219385 0.27340129749768305 0.08285565398645128 0.10750695088044486
0 0.42166232412714955 0.11878591288229841 0.08702449192287649 0.11522706209453197
0 0.4859301719645649 0.36561631139944395 0.06201146430432517 0.10658016682113068
0 0.21886399166232412 0.5227062094531975 0.053152683689421575 0.10750695088044486
0 0.33350703491401773 0.4907321594068582 0.06357477853048463 0.14550509731232622
0 0.5929286086503387 0.12140871177015755 0.08841584158415841 0.11677479147358666
0 0.33533090151120376 0.6580166821130676 0.05992704533611256 0.1371640407784986
0 0.6782178217821783 0.5240963855421686 0.08389786347055758 0.10287303058387395
0 0.32673267326732675 0.8151065801668211 0.08650338718082334 0.1195551436515292
0 0.675872850442939 0.40963855421686746 0.07399687337154769 0.10750695088044486
0 0.4968733715476811 0.15801668211306766 0.05992704533611256 0.15477293790546803
0 0.25065138092756645 0.9300278035217794 0.09484106305367379 0.13438368860055608
0 0.43303804064616985 0.7414272474513438 0.08441896821261073 0.10936051899907322
0 0.429911412193851 0.9244670991658943 0.07920792079207921 0.10658016682113068
0 0.6751797811360084 0.9314179796107507 0.08511203751954144 0.1056533827618165
0 0.6786503387180823 0.6458109360519 0.08268368942157373 0.11090824837812789
0 0.9085461177696718 0.7743280815569972 0.17873892652423137 0.4235403151065802