0 0.41349661281917666 0.17562557924003708 0.07556018759770713 0.10287303058387395
0 0.25403856175091194 0.1784059314179796 0.07868681605002606 0.1102873030583874
0 0.33428869202709743 0.2808155699721965 0.07764460656591975 0.10194624652455977
0 0.33611255862428346 0.17608897126969417 0.0771235018238666 0.1056533827618165
0 0.33090151120375194 0.4416126042632067 0.0760812923397603 0.09731232622798888
0 0.5724335591453882 0.9272474513438369 0.07556018759770713 0.1010194624652456
0 0.3303804064616988 0.6535403151065802 0.0760812923397603 0.1003985171455051
0 0.5526315789473685 0.8072289156626506 0.07451797811360084 0.0963855421686747
0 0.5539343408025013 0.7038924930491196 0.0760812923397603 0.09545875810936053
0 0.33142261594580513 0.5472659870250232 0.0771235018238666 0.09360518999073215
0 0.6550286607608129 0.927710843373494 0.07191245440333507 0.09823911028730306
0 0.5695674830640959 0.18257645968489342 0.08025013027618551 0.11492122335495829
0 0.7376237623762376 0.9314179796107507 0.07347576862949452 0.0963855421686747
0 0.6584158415841584 0.5518999073215941 0.07556018759770713 0.09360518999073215
0 0.6558103178738927 0.6594068582020389 0.08077123501823867 0.10287303058387395
0 0.7477853048462741 0.17608897126969417 0.07191245440333507 0.10194624652455977
0 0.4064616988014591 0.927710843373494 0.0781657113079729 0.10936051899907322
0 0.07582073996873372 0.5189990732159406 0.014069828035435123 0.024096385542168676
0 0.14434601354872328 0.5060240963855421 0.009379885356956748 0.018535681186283594
0 0.06175091193329859 0.5213160333642262 0.010943199583116207 0.023169601482854494
0 0.25534132360604483 0.5 0.06461698801459093 0.14550509731232622
0 0.2503908285565399 0.3480074142724745 0.06201146430432517 0.1380908248378128
0 0.8892652423137051 0.5268767377201112 0.015112037519541427 0.028730305838739572