0 0.44609375 0.2828125 0.0828125 0.10625
0 0.56796875 0.128125 0.0734375 0.14609375
0 0.41875 0.115625 0.0828125 0.10546875
0 0.33203125 0.234375 0.08359375 0.1078125
0 0.446875 0.40234375 0.08203125 0.10390625
0 0.24375 0.11640625 0.0828125 0.1046875
0 0.909375 0.78046875 0.16953125 0.42109375
0 0.67890625 0.8140625 0.08046875 0.10546875
0 0.33046875 0.39375 0.0828125 0.12265625
0 0.68046875 0.409375 0.08046875 0.1046875
0 0.33125 0.11640625 0.08125 0.1015625
0 0.678125 0.64140625 0.08046875 0.10546875
0 0.425 0.93203125 0.08828125 0.1109375
0 0.33203125 0.5265625 0.0859375 0.11328125
0 0.2453125 0.93671875 0.08984375 0.12265625
0 0.76484375 0.92421875 0.07890625 0.103125
0 0.7640625 0.52578125 0.08203125 0.10546875
0 0.59140625 0.92734375 0.08046875 0.1015625
0 0.6796875 0.52421875 0.08046875 0.10390625
0 0.534375 0.49375 0.08125 0.1078125
0 0.6765625 0.928125 0.07890625 0.103125