0 0.33203125 0.65 0.08203125 0.11640625
0 0.4125 0.12578125 0.0640625 0.140625
0 0.58828125 0.128125 0.08359375 0.10546875
0 0.91015625 0.78046875 0.16953125 0.421875
0 0.67421875 0.41015625 0.08125 0.1046875
0 0.48125 0.7453125 0.08359375 0.109375
0 0.67421875 0.81484375 0.08203125 0.10546875
0 0.67421875 0.52578125 0.08046875 0.10625
0 0.67265625 0.64453125 0.08203125 0.1046875
0 0.325 0.93828125 0.08828125 0.11953125
0 0.76171875 0.9296875 0.0828125 0.109375
0 0.3265625 0.81171875 0.0828125 0.109375
0 0.42890625 0.9265625 0.075 0.09609375
0 0.675 0.93203125 0.08203125 0.10859375
0 0.3328125 0.5046875 0.06015625 0.14375
0 0.23984375 0.92734375 0.08125 0.109375
0 0.47421875 0.11484375 0.06015625 0.11875
0 0.58984375 0.93671875 0.08203125 0.109375
0 0.42890625 0.80390625 0.08359375 0.1078125
0 0.47109375 0.23984375 0.06015625 0.03046875
0 0.47265625 0.2109375 0.06328125 0.0875