0 0.91015625 0.77734375 0.1671875 0.41171875
0 0.4171875 0.121875 0.08203125 0.1046875
0 0.675 0.80859375 0.08359375 0.115625
0 0.59296875 0.15546875 0.08828125 0.1140625
0 0.32734375 0.23671875 0.084375 0.10625
0 0.440625 0.28046875 0.084375 0.2046875
0 0.671875 0.4734375 0.0765625 0.1015625
0 0.32890625 0.1203125 0.0796875 0.1
0 0.6703125 0.590625 0.08046875 0.10859375
0 0.24453125 0.1140625 0.08203125 0.109375
0 0.3296875 0.4484375 0.08515625 0.1140625
0 0.440625 0.33046875 0.078125 0.09765625
0 0.2296875 0.940625 0.0765625 0.1
0 0.43515625 0.446875 0.078125 0.1
0 0.32578125 0.571875 0.08359375 0.1109375
0 0.5875 0.934375 0.0875 0.12265625
0 0.76640625 0.92578125 0.08515625 0.11484375
0 0.67734375 0.93828125 0.08359375 0.11484375
0 0.440625 0.9140625 0.08359375 0.115625
0 0.43984375 0.259375 0.0796875 0.04140625
0 0.43984375 0.22265625 0.07890625 0.03046875
0 0.440625 0.19296875 0.08046875 0.0328125
0 0.42265625 0.89375 0.08515625 0.1125