0 0.4734375 0.26953125 0.08046875 0.10625
0 0.903125 0.76796875 0.16171875 0.40234375
0 0.51796875 0.53984375 0.08359375 0.11953125
0 0.378125 0.35390625 0.08125 0.10390625
0 0.4546875 0.08046875 0.08203125 0.1125
0 0.5640625 0.0609375 0.08203125 0.1078125
0 0.7640625 0.06796875 0.08359375 0.1140625
0 0.6609375 0.21796875 0.078125 0.103125
0 0.6359375 0.46171875 0.0765625 0.0953125
0 0.63671875 0.57265625 0.07734375 0.10078125
0 0.38203125 0.47109375 0.07890625 0.1
0 0.5140625 0.64296875 0.05234375 0.06484375
0 0.46015625 0.8765625 0.0734375 0.09453125
0 0.60859375 0.215625 0.02890625 0.09609375