0 0.52109375 0.06953125 0.103125 0.1390625
0 0.440625 0.19453125 0.08125 0.11328125
0 0.61640625 0.3515625 0.08828125 0.11953125
0 0.35546875 0.471875 0.07890625 0.1
0 0.35390625 0.3609375 0.08828125 0.11015625
0 0.25859375 0.1859375 0.08203125 0.10546875
0 0.903125 0.771875 0.16484375 0.4046875
0 0.6234375 0.75234375 0.0875 0.10859375
0 0.353125 0.17265625 0.084375 0.115625
0 0.70625 0.86953125 0.084375 0.1078125
0 0.41484375 0.859375 0.0703125 0.1328125
0 0.53359375 0.86875 0.08359375 0.109375
0 0.62109375 0.59296875 0.08359375 0.10859375
0 0.6140625 0.4765625 0.08828125 0.1125
0 0.7171875 0.07109375 0.08828125 0.1421875
0 0.26640625 0.065625 0.084375 0.1078125
0 0.359375 0.5875 0.08203125 0.10625
0 0.35390625 0.0640625 0.0828125 0.10625