0 0.49921875 0.159375 0.06640625 0.15546875
0 0.3359375 0.6546875 0.05859375 0.1375
0 0.91015625 0.77734375 0.1671875 0.41171875
0 0.3265625 0.27265625 0.08203125 0.10859375
0 0.6734375 0.41015625 0.08203125 0.10625
0 0.32578125 0.81484375 0.08515625 0.11328125
0 0.41875 0.1203125 0.09921875 0.11875
0 0.21953125 0.525 0.05703125 0.11953125
0 0.5484375 0.34453125 0.06484375 0.15078125
0 0.59375 0.12109375 0.090625 0.1125
0 0.48828125 0.36640625 0.06953125 0.10625
0 0.25078125 0.92890625 0.09296875 0.134375
0 0.67734375 0.64609375 0.08203125 0.10546875
0 0.67734375 0.528125 0.08203125 0.10546875
0 0.67421875 0.93203125 0.08125 0.1046875
0 0.43203125 0.74453125 0.0828125 0.1078125
0 0.33203125 0.4890625 0.05859375 0.13984375
0 0.428125 0.9265625 0.07734375 0.09921875