0 0.5909568874868559 0.9447047797563262 0.08727655099894847 0.10871602624179943
0 0.6783228180862251 0.9465791940018744 0.08429547844374344 0.10684161199625117
0 0.7634069400630915 0.9451733833177132 0.08412197686645637 0.10965323336457357
0 0.32676130389064145 0.1373008434864105 0.083596214511041 0.10965323336457357
0 0.6784963196635121 0.8247422680412371 0.07623554153522608 0.10871602624179943
0 0.3275499474237645 0.2530459231490159 0.08412197686645637 0.10684161199625117
0 0.41649316508937956 0.1358950328022493 0.08324395373291273 0.10684161199625117
0 0.44663512092534174 0.439240862230553 0.08675078864353312 0.10746954076850984
0 0.3291272344900105 0.5726335520149953 0.08412197686645637 0.10121836925960637
0 0.24132492113564669 0.1387066541705717 0.08096740273396424 0.1049671977507029
0 0.554416403785489 0.8141237113402061 0.08675078864353312 0.10684161199625117
0 0.33280757097791797 0.45126522961574506 0.08727655099894847 0.11152764761012184
0 0.9136855941114616 0.7830365510777882 0.1726235541535226 0.4339268978444236
0 0.31457939011566777 0.6388659793814433 0.08587276550998948 0.11246485473289597
0 0.674726603575184 0.54514526710403 0.08587276550998948 0.11246485473289597
0 0.6777970557308097 0.4240862230552952 0.08499999999999999 0.10465791940018744
0 0.5853470031545741 0.13901593252108718 0.08937960042060988 0.10934395501405811