0 0.4164490861618799 0.25532900834105654 0.08093994778067885 0.10843373493975904
0 0.6712793733681462 0.4170528266913809 0.07989556135770234 0.11121408711770157
0 0.32558746736292427 0.13531047265987026 0.08093994778067885 0.10750695088044486
0 0.3289817232375979 0.41195551436515293 0.0835509138381201 0.10658016682113068
0 0.47711227154047 0.6777849860982391 0.06022454308093995 0.14890639481000925
0 0.24151436031331594 0.1334569045412419 0.07989556135770234 0.1056533827618165
0 0.5681462140992167 0.8373493975903614 0.08772845953002611 0.11399443929564411
0 0.33107049608355094 0.6475162187210379 0.0835509138381201 0.11615384615384615
0 0.6702349869451697 0.525949953660797 0.07780678851174935 0.10287303058387395
0 0.32819843342036553 0.24513438368860055 0.07885117493472585 0.10472659870250231
0 0.5661462140992167 0.1274328081556997 0.08685639686684074 0.11770157553290084
0 0.6672741514360313 0.9307970342910102 0.08198433420365535 0.11492122335495829
0 0.6955613577023498 0.2645968489341983 0.0814621409921671 0.11214087117701575
0 0.5618798955613578 0.690917516218721 0.06892950391644909 0.15106580166821132
0 0.7691906005221932 0.12279888785912882 0.0825065274151436 0.11399443929564411
0 0.329242819843342 0.5296570898980537 0.08302872062663186 0.1010194624652456
0 0.9122715404699739 0.7761816496756255 0.17545691906005223 0.4161260426320667
0 0.26527415143603134 0.5381556997219648 0.03655352480417755 0.11430027803521779
0 0.32088772845953 0.9198331788693235 0.07362924281984334 0.1566265060240964
0 0.7771958224543081 0.9417701575532901 0.07484595300261097 0.11646895273401298
0 0.6779791122715404 0.2873030583873957 0.0835509138381201 0.11430027803521779
0 0.41340469973890337 0.9433086190917517 0.08877284595300261 0.11337349397590361