0 0.41640625 0.12265625 0.07890625 0.0953125
0 0.90859375 0.778125 0.17265625 0.428125
0 0.56484375 0.11796875 0.0828125 0.10625
0 0.328125 0.2375 0.08359375 0.109375
0 0.76640625 0.12734375 0.0765625 0.1
0 0.67890625 0.8125 0.08515625 0.10625
0 0.56640625 0.76796875 0.07734375 0.10078125
0 0.44453125 0.4390625 0.08046875 0.1015625
0 0.41171875 0.915625 0.09140625 0.1390625
0 0.32734375 0.12109375 0.07890625 0.09921875
0 0.66875 0.596875 0.078125 0.1015625
0 0.41640625 0.2703125 0.08046875 0.10390625
0 0.66953125 0.46875 0.07734375 0.103125
0 0.2421875 0.11796875 0.08125 0.10390625
0 0.32734375 0.4515625 0.08515625 0.1140625
0 0.7625 0.93359375 0.08203125 0.10859375
0 0.22734375 0.91875 0.07421875 0.10859375
0 0.328125 0.58359375 0.07890625 0.1046875
0 0.675 0.9453125 0.08125 0.10546875
0 0.7640625 0.51875 0.08671875 0.1203125
0 0.440625 0.321875 0.0765625 0.09765625
0 0.69140625 0.59765625 0.02734375 0.0859375
0 0.39296875 0.1203125 0.02734375 0.08515625
0 0.58828125 0.93125 0.0796875 0.10546875
0 0.5 0.028125 0.096875 0.05625
0 0.90859375 0.71953125 0.153125 0.21796875
0 0.4390625 0.21015625 0.08125 0.0609375