0 0.7484375 0.06484375 0.096875 0.1296875
0 0.55078125 0.07109375 0.1015625 0.140625
0 0.471875 0.3890625 0.08984375 0.12578125
0 0.6203125 0.35234375 0.08359375 0.1109375
0 0.4515625 0.8484375 0.0890625 0.1421875
0 0.359375 0.353125 0.08359375 0.109375
0 0.903125 0.771875 0.16328125 0.403125
0 0.353125 0.740625 0.0875 0.11953125
0 0.62109375 0.7578125 0.08203125 0.10390625
0 0.3546875 0.06953125 0.0828125 0.109375
0 0.265625 0.07109375 0.0828125 0.10625
0 0.4453125 0.065625 0.09375 0.13125
0 0.24921875 0.8640625 0.09140625 0.11796875
0 0.35859375 0.478125 0.0796875 0.1015625
0 0.36015625 0.58046875 0.07890625 0.1015625
0 0.6171875 0.47265625 0.0828125 0.10546875
0 0.625 0.86875 0.08203125 0.10546875
0 0.5359375 0.87421875 0.07890625 0.09921875
0 0.33046875 0.73515625 0.0296875 0.0875