0 0.32621156852527355 0.13484708063021317 0.08546117769671704 0.11770157553290084
0 0.6667535174570088 0.8211306765523633 0.07764460656591975 0.10936051899907322
0 0.40906722251172484 0.13670064874884152 0.08233454924439812 0.11770157553290084
0 0.3249088066701407 0.26274328081556997 0.0859822824387702 0.11584800741427248
0 0.23423658155289212 0.13438368860055608 0.08494007295466388 0.11677479147358666
0 0.7506513809275664 0.9360518999073216 0.08494007295466388 0.10750695088044486
0 0.4273058884835852 0.2891566265060241 0.07920792079207921 0.10750695088044486
0 0.3306409588327254 0.40222428174235403 0.0859822824387702 0.11677479147358666
0 0.5848514851485148 0.9346617238183503 0.08164147993746743 0.10472659870250231
0 0.6706618030224075 0.6431881371640408 0.0781657113079729 0.09823911028730306
0 0.32803543512245964 0.6510658016682113 0.0880667014069828 0.11214087117701575
0 0.327774882751433 0.5287303058387396 0.08963001563314227 0.11584800741427248
0 0.667274622199062 0.9341983317886933 0.07347576862949452 0.10194624652455977
0 0.5832881709223554 0.21269694161260427 0.08685252735799895 0.11584800741427248
0 0.6702292860865035 0.5366079703429101 0.08042209484106307 0.1056533827618165
0 0.9106305367378843 0.7761816496756255 0.17873892652423137 0.41797961075069506
0 0.42574257425742573 0.9249304911955515 0.08546117769671704 0.11121408711770157
0 0.5396039603960396 0.5542168674698795 0.08285565398645128 0.11059314179796108
0 0.5797290255341324 0.151371640407785 0.07034914017717561 0.15755329008341057
0 0.3738926524231371 0.3900185356811863 0.05645127670661803 0.06950880444856349