0 0.6552892131318395 0.8206672845227062 0.07243355914538822 0.09545875810936053
0 0.5724335591453882 0.8225208526413346 0.07764460656591975 0.10287303058387395
0 0.41558103178738925 0.17747914735866543 0.07139134966128191 0.1010194624652456
0 0.33741532047941636 0.17747914735866543 0.07556018759770713 0.09916589434661724
0 0.33402813965607087 0.44346617238183506 0.07399687337154769 0.09545875810936053
0 0.7438770192808755 0.9244670991658943 0.07451797811360084 0.1010194624652456
0 0.5763418447107869 0.7131603336422614 0.07191245440333507 0.0917516218721038
0 0.6576341844710787 0.9235403151065802 0.07087024491922876 0.09545875810936053
0 0.33272537780093797 0.288693234476367 0.07347576862949452 0.09545875810936053
0 0.49201146430432513 0.5094253938832252 0.07764460656591975 0.10071362372567191
0 0.6599791558103179 0.556533827618165 0.07243355914538822 0.09360518999073215
0 0.4260031266284523 0.3025949953660797 0.07764460656591975 0.11214087117701575
0 0.6620635747785305 0.6635773864689527 0.07243355914538822 0.09082483781278962
0 0.25924960917144346 0.17562557924003708 0.07243355914538822 0.09916589434661724
0 0.5707816571130797 0.17608897126969417 0.08059927045336111 0.10936051899907322
0 0.4252214695153726 0.917516218721038 0.08129233976029182 0.10936051899907322
0 0.3368942157373632 0.5556070435588508 0.07451797811360084 0.08804448563484708
0 0.6558103178738927 0.44207599629286376 0.07139134966128191 0.09823911028730306
0 0.33350703491401773 0.6501390176088971 0.0760812923397603 0.09731232622798888
0 0.0672225117248567 0.5231696014828545 0.014590932777488274 0.025023169601482854
0 0.7438770192808755 0.17562557924003708 0.07139134966128191 0.1010194624652456