0 0.5439447628973423 0.18118628359592215 0.08216258467952058 0.1102873030583874
0 0.5554976550286608 0.932808155699722 0.07191245440333507 0.1010194624652456
0 0.6420010422094841 0.8151065801668211 0.0781657113079729 0.09916589434661724
0 0.5549765502866076 0.8276181649675626 0.07191245440333507 0.10750695088044486
0 0.6485148514851485 0.9392956441149212 0.07556018759770713 0.1010194624652456
0 0.3460135487232934 0.16126042632066728 0.07920792079207921 0.10379981464318813
0 0.631578947368421 0.32252085264133457 0.0760812923397603 0.10936051899907322
0 0.43234497133923916 0.16265060240963855 0.08615424700364774 0.11399443929564411
0 0.7337154768108389 0.9392956441149212 0.0771235018238666 0.09916589434661724
0 0.2631578947368421 0.15708989805375348 0.07920792079207921 0.10472659870250231
0 0.6448671182907765 0.5634847080630213 0.08077123501823867 0.10936051899907322
0 0.35747785304846275 0.4212233549582947 0.08025013027618551 0.10472659870250231
0 0.356696195935383 0.5375347544022243 0.08077123501823867 0.10009267840593142
0 0.4465867639395518 0.28266913809082483 0.07503908285565399 0.10194624652455977
0 0.34757686294945284 0.27664504170528265 0.07920792079207921 0.09916589434661724
0 0.10361125586242835 0.7585727525486562 0.15303282959874936 0.3753475440222428
0 0.6018759770713914 0.31510658016682114 0.0781657113079729 0.12666357738646894
0 0.4303439291297551 0.9525764596848934 0.0859822824387702 0.09483781278962002