0 0.69765625 0.325 0.07890625 0.1109375
0 0.57578125 0.14296875 0.08671875 0.11953125
0 0.5328125 0.38515625 0.08203125 0.10859375
0 0.53203125 0.61328125 0.07890625 0.1015625
0 0.31875 0.64609375 0.09140625 0.10859375
0 0.3265625 0.4109375 0.08125 0.10546875
0 0.425 0.928125 0.08984375 0.12734375
0 0.33515625 0.128125 0.08515625 0.1125
0 0.33125 0.240625 0.0875 0.11015625
0 0.78046875 0.12734375 0.05859375 0.1125
0 0.66328125 0.6609375 0.08671875 0.1203125
0 0.67421875 0.51875 0.08359375 0.109375
0 0.3296875 0.5265625 0.08515625 0.1109375
0 0.67734375 0.8265625 0.08828125 0.1125
0 0.66171875 0.3 0.08046875 0.1046875
0 0.76484375 0.934375 0.08515625 0.1125
0 0.5921875 0.93203125 0.08828125 0.11015625
0 0.6796875 0.9375 0.08359375 0.10859375
0 0.43125 0.13515625 0.0734375 0.0984375
0 0.24765625 0.11796875 0.0921875 0.11796875
0 0.91015625 0.7796875 0.17109375 0.41875