0 0.5328295987493487 0.7071362372567191 0.06618030224075039 0.14272474513438368
0 0.3397602918186555 0.12326227988878591 0.08129233976029182 0.11306765523632993
0 0.6753517457008859 0.6589434661723819 0.0781657113079729 0.11121408711770157
0 0.4416362688900469 0.4388322520852641 0.08285565398645128 0.11399443929564411
0 0.3217821782178218 0.5333642261353104 0.09327774882751433 0.11399443929564411
0 0.3316831683168317 0.41797961075069506 0.0859822824387702 0.11862835959221502
0 0.3350703491401772 0.2516218721037998 0.08754559666492966 0.12326227988878591
0 0.438509640437728 0.5523632993512512 0.08285565398645128 0.11492122335495829
0 0.5716519020323085 0.17747914735866543 0.06044815007816571 0.15848007414272475
0 0.3223032829598749 0.6533827618164968 0.09536216779572694 0.12974976830398516
0 0.674048983845753 0.5254865616311399 0.07660239708181345 0.10750695088044486
0 0.7834809796769151 0.14550509731232622 0.05263157894736842 0.12604263206672844
0 0.7600312662845232 0.9490268767377201 0.08077123501823867 0.10009267840593142
0 0.4265242313705055 0.13206672845227063 0.09327774882751433 0.1380908248378128
0 0.4245284002084419 0.9283317886932344 0.08129233976029182 0.11121408711770157
0 0.7415320479416363 0.42771084337349397 0.07087024491922876 0.17516218721038
0 0.43303804064616985 0.25532900834105654 0.08337675872850443 0.11214087117701575
0 0.9119332985930172 0.7798887859128822 0.1761334028139656 0.41241890639481
0 0.5302240750390829 0.6051899907321594 0.053673788431474724 0.06672845227062095
0 0.4746378322042731 0.9337349397590361 0.02518499218342887 0.11584800741427248