0 0.4158829676071055 0.24210037174721188 0.0794148380355277 0.10315985130111524
0 0.3295036572622779 0.6502509293680298 0.08324451410658308 0.10718401486988847
0 0.4109195402298851 0.13057620817843865 0.07575757575757576 0.1087360594795539
0 0.414576802507837 0.9395910780669146 0.08411703239289446 0.11338289962825279
0 0.23850574712643677 0.13150557620817843 0.07993730407523511 0.1050185873605948
0 0.5875130616509927 0.12732342007434944 0.08411703239289446 0.11338289962825279
0 0.32549634273772204 0.12825278810408922 0.08045977011494253 0.10780669144981413
0 0.5352664576802508 0.34154275092936803 0.09247648902821316 0.13104089219330856
0 0.6739811912225705 0.24365241635687734 0.08498955067920584 0.11245353159851301
0 0.6751149425287357 0.12825278810408922 0.0837669801462905 0.11338289962825279
0 0.32549634273772204 0.24721189591078066 0.0794148380355277 0.10223048327137546
0 0.6710188087774295 0.5263289962825279 0.08045977011494253 0.10780669144981413
0 0.758448275862069 0.1270167286245353 0.08428944618599792 0.11276022304832714
0 0.33045977011494254 0.5264869888475836 0.08307210031347963 0.10315985130111524
0 0.9106583072100314 0.775092936802974 0.17450365726227796 0.4163568773234201
0 0.5664420062695925 0.930139405204461 0.08272204806687566 0.10378252788104089
0 0.5734064785788924 0.9107806691449815 0.08620689655172414 0.11772304832713755
0 0.329153605015674 0.44686802973977696 0.08533437826541275 0.054210037174721185
0 0.22936259143155696 0.6649628252788105 0.06374085684430512 0.14591078066914498
0 0.6770271682340647 0.7465892193308551 0.08620689655172414 0.11772304832713755
0 0.5433646812957158 0.5599442379182156 0.07140543364681295 0.16263940520446096