0 0.46953125 0.14375 0.059375 0.1453125
0 0.4453125 0.509375 0.08359375 0.1109375
0 0.909375 0.78046875 0.16953125 0.41953125
0 0.5625 0.19375 0.09453125 0.15
0 0.4046875 0.14609375 0.06640625 0.15390625
0 0.76640625 0.1421875 0.084375 0.13046875
0 0.44765625 0.675 0.0828125 0.10625
0 0.6765625 0.82109375 0.08203125 0.11328125
0 0.67265625 0.65390625 0.0828125 0.1125
0 0.3328125 0.50078125 0.08203125 0.1078125
0 0.3265625 0.67734375 0.07734375 0.10546875
0 0.6734375 0.53671875 0.08046875 0.1078125
0 0.3296875 0.8171875 0.08515625 0.11015625
0 0.425 0.93125 0.07734375 0.09765625
0 0.43359375 0.79921875 0.08359375 0.11015625
0 0.246875 0.91328125 0.09140625 0.14375
0 0.33515625 0.9484375 0.08203125 0.09921875
0 0.590625 0.9390625 0.084375 0.11484375
0 0.76640625 0.940625 0.084375 0.11328125
0 0.6796875 0.94296875 0.0828125 0.10859375
0 0.7671875 0.22578125 0.0796875 0.04453125