0 0.44111516414799373 0.3433734939759036 0.09431995831162064 0.14550509731232622
0 0.3306409588327254 0.13901760889712697 0.08494007295466388 0.12048192771084337
0 0.43668577384054197 0.21825764596848934 0.08337675872850443 0.11399443929564411
0 0.667274622199062 0.8141797961075069 0.07451797811360084 0.10287303058387395
0 0.4458051068264721 0.7956441149212233 0.07556018759770713 0.09731232622798888
0 0.7488275143303804 0.9365152919369787 0.07920792079207921 0.10472659870250231
0 0.5692183428869202 0.8294717330861909 0.07955706096925481 0.10379981464318813
0 0.23189161021365295 0.9128822984244671 0.06253256904637833 0.13531047265987026
0 0.33324648254299116 0.3957367933271548 0.0891089108910891 0.07414272474513438
0 0.6728348097967692 0.4170528266913809 0.08563314226159459 0.10750695088044486
0 0.32959874934861905 0.5528266913809082 0.06305367378843148 0.12511584800741427
0 0.6679676915059927 0.6604911955514364 0.08181344450234497 0.10688600556070435
0 0.5690463783220427 0.17191844300278036 0.07399687337154769 0.18257645968489342
0 0.6662324127149557 0.5338276181649676 0.07868681605002606 0.10009267840593142
0 0.9124544033350703 0.7831325301204819 0.1750911933298593 0.41334569045412417
0 0.407764460656592 0.9346617238183503 0.09536216779572694 0.12882298424467098
0 0.6644085461177697 0.9351251158480074 0.08337675872850443 0.1056533827618165
0 0.21886399166232412 0.93790546802595 0.0555862428348098 0.12418906394810009
0 0.24491922876498176 0.8951158480074143 0.06079729025534132 0.14983317886932343