0 0.553125 0.2625 0.0609375 0.1453125
0 0.5859375 0.11640625 0.08671875 0.11640625
0 0.41328125 0.11953125 0.0828125 0.10390625
0 0.91015625 0.77890625 0.16640625 0.4125
0 0.43671875 0.32734375 0.08359375 0.109375
0 0.32734375 0.115625 0.08515625 0.11015625
0 0.328125 0.2375 0.0828125 0.1078125
0 0.67578125 0.409375 0.08359375 0.1109375
0 0.44609375 0.565625 0.0875 0.12109375
0 0.23828125 0.11953125 0.084375 0.1078125
0 0.31953125 0.76875 0.08359375 0.10625
0 0.67421875 0.81484375 0.08203125 0.1046875
0 0.43828125 0.4484375 0.08203125 0.10546875
0 0.240625 0.93515625 0.0859375 0.11328125
0 0.76328125 0.93046875 0.08359375 0.1078125
0 0.6734375 0.52890625 0.08046875 0.10390625
0 0.67421875 0.64375 0.08359375 0.10859375
0 0.675 0.9296875 0.07890625 0.10078125
0 0.328125 0.5296875 0.08046875 0.11015625
0 0.58671875 0.92890625 0.08046875 0.10390625
0 0.49921875 0.028125 0.09609375 0.05625
0 0.34375 0.64609375 0.0484375 0.10546875