0 0.6459093277748827 0.8924930491195552 0.06618030224075039 0.0963855421686747
0 0.5711307972902553 0.8924930491195552 0.06878582595101615 0.0963855421686747
0 0.7303282959874935 0.891566265060241 0.07556018759770713 0.09823911028730306
0 0.45440333507034913 0.27293790546802593 0.0771235018238666 0.11214087117701575
0 0.5698280354351225 0.6811862835959221 0.07139134966128191 0.09453197405004633
0 0.43746743095362167 0.6538461538461539 0.07556018759770713 0.1010194624652456
0 0.45101615424700364 0.16357738646895273 0.07764460656591975 0.1010194624652456
0 0.4418968212610735 0.5421686746987951 0.07503908285565399 0.09823911028730306
0 0.47550807712350185 0.9416126042632067 0.08494007295466388 0.11492122335495829
0 0.45544554455445546 0.3818350324374421 0.0771235018238666 0.10009267840593142
0 0.5708702449192288 0.211306765523633 0.07868681605002606 0.10750695088044486
0 0.3526159458051068 0.768303985171455 0.0799009900990099 0.10194624652455977
0 0.6524231370505471 0.6561631139944393 0.06878582595101615 0.08897126969416126
0 0.36737884314747266 0.23772011121408712 0.05627931214174049 0.1380908248378128
0 0.3632100052110474 0.91241890639481 0.08963001563314227 0.12882298424467098
0 0.47420531526836895 0.8526413345690455 0.0594059405940594 0.06302131603336422
0 0.6461698801459094 0.5630213160333642 0.06565919749869724 0.09916589434661724
0 0.28686816050026054 0.1566265060240964 0.07660239708181345 0.10194624652455977
0 0.5713913496612819 0.7822057460611678 0.07347576862949452 0.10194624652455977
0 0.3564356435643564 0.3795180722891566 0.0573215216258468 0.1380908248378128
0 0.3546117769671704 0.5213160333642262 0.05680041688379364 0.12882298424467098
0 0.34826993225638353 0.6564689527340131 0.08337675872850443 0.10812789620018536
0 0.4012506513809276 0.7684615384615384 0.024319958311620638 0.10349397590361446
0 0.46508598228243875 0.6031788693234477 0.08250651380927568 0.10349397590361446
0 0.5710422094841062 0.5645690454124189 0.07903595622720166 0.1003985171455051
0 0.46551849921834293 0.48810936051899906 0.08164147993746743 0.105032437442076