0 0.675 0.240625 0.08203125 0.1078125
0 0.909375 0.77734375 0.1671875 0.41171875
0 0.5515625 0.17265625 0.06640625 0.1546875
0 0.76875 0.3546875 0.0609375 0.14921875
0 0.4171875 0.1203125 0.0828125 0.1078125
0 0.675 0.40625 0.09140625 0.12109375
0 0.446875 0.23515625 0.08359375 0.1078125
0 0.45390625 0.46796875 0.07421875 0.09609375
0 0.33125 0.12109375 0.0828125 0.10625
0 0.24375 0.11484375 0.08828125 0.10859375
0 0.32734375 0.240625 0.084375 0.1125
0 0.4484375 0.35390625 0.08359375 0.109375
0 0.6734375 0.81015625 0.08203125 0.10625
0 0.32578125 0.6421875 0.09296875 0.115625
0 0.675 0.6421875 0.08125 0.10546875
0 0.46015625 0.59375 0.06015625 0.14765625
0 0.33125 0.40625 0.084375 0.109375
0 0.67421875 0.525 0.08046875 0.103125
0 0.5390625 0.65078125 0.08046875 0.08515625
0 0.41796875 0.93828125 0.0859375 0.11484375
0 0.32890625 0.52109375 0.08359375 0.1125
0 0.58828125 0.9265625 0.0796875 0.1015625
0 0.76015625 0.91953125 0.0796875 0.10625
0 0.24140625 0.9359375 0.084375 0.1125
0 0.67421875 0.92421875 0.07890625 0.1046875
0 0.57421875 0.4578125 0.0828125 0.10390625
0 0.56875 0.5328125 0.078125 0.053125
0 0.5421875 0.559375 0.07890625 0.09921875