0 0.7633788037775446 0.9317548746518106 0.07974816369359916 0.10863509749303621
0 0.6781217208814271 0.8152274837511606 0.07607555089192025 0.1021355617455896
0 0.6789979013641133 0.9289693593314763 0.08097061909758657 0.10863509749303621
0 0.4559286463798531 0.4178272980501393 0.080797481636936 0.10770659238625813
0 0.6768100734522561 0.40947075208913647 0.07660020986358866 0.1095636025998143
0 0.5926023084994754 0.9317548746518106 0.08656873032528856 0.10492107706592387
0 0.3286988457502623 0.40947075208913647 0.0844700944386149 0.1095636025998143
0 0.4155299055613851 0.13045496750232127 0.0776495278069255 0.10863509749303621
0 0.6756715634837356 0.6484029712163417 0.08482161594963274 0.11142061281337047
0 0.3286988457502623 0.5287836583101208 0.08551941238195174 0.10492107706592387
0 0.332109129066107 0.244661095636026 0.08394543546694648 0.10306406685236769
0 0.32633788037775446 0.13463324048282266 0.08289611752360965 0.11142061281337047
0 0.44359916054564535 0.9015784586815228 0.10020986358866736 0.14856081708449395
0 0.330797481636936 0.6426833797585886 0.0844700944386149 0.10801299907149489
0 0.5675918153200419 0.8246703806870938 0.0820199370409234 0.10801299907149489
0 0.2395068205666317 0.13045496750232127 0.08237145855194124 0.11234911792014857
0 0.6398216159496327 0.5371402042711235 0.07187827911857293 0.09935004642525534
0 0.683803777544596 0.13556174558960074 0.0769517313746065 0.1522748375116063
0 0.9131689401888772 0.7794800371402043 0.17366211962224554 0.4243268337975859
0 0.5937408184679959 0.127669452181987 0.09093913955928647 0.11606313834726091
0 0.6247796432318993 0.7992850510677809 0.08656873032528856 0.11606313834726091
0 0.6772455403987407 0.5261559888579387 0.08656873032528856 0.1145125348189415