0 0.6490359562272017 0.8239110287303059 0.07347576862949452 0.09823911028730306
0 0.4619593538301199 0.9258572752548656 0.08181344450234497 0.12048192771084337
0 0.5573215216258468 0.9272474513438369 0.06513809275664409 0.10287303058387395
0 0.7274622199062012 0.9365152919369787 0.07503908285565399 0.09916589434661724
0 0.3418447107868682 0.6519925857275255 0.0771235018238666 0.08619091751621873
0 0.643303804064617 0.9309545875810936 0.07243355914538822 0.1010194624652456
0 0.43008337675872854 0.1556997219647822 0.0764304325169359 0.10194624652455977
0 0.3426263678999479 0.15523632993512512 0.07556018759770713 0.09916589434661724
0 0.34549244398124024 0.27571825764596847 0.0760812923397603 0.09916589434661724
0 0.3410630536737884 0.5273401297497683 0.08181344450234497 0.09823911028730306
0 0.25951016154247003 0.1603336422613531 0.0760812923397603 0.10009267840593142
0 0.5713913496612819 0.17562557924003708 0.08077123501823867 0.12882298424467098
0 0.3384575299635227 0.41334569045412417 0.08285565398645128 0.10936051899907322
0 0.26941115164147994 0.9110287303058388 0.07920792079207921 0.1056533827618165
0 0.10552371026576342 0.7553290083410565 0.15789473684210525 0.38368860055607046
0 0.655549765502866 0.5329008341056534 0.07399687337154769 0.10750695088044486
0 0.6719645648775404 0.6181649675625579 0.047420531526836895 0.05560704355885079
0 0.6288014590932778 0.6402502316960149 0.038212610734757686 0.1096663577386469
0 0.27705575820739964 0.7059036144578313 0.04342365815528921 0.1699073215940686