0 0.46796875 0.24765625 0.08203125 0.16796875
0 0.63359375 0.18203125 0.08359375 0.11015625
0 0.3765625 0.06640625 0.08125 0.109375
0 0.640625 0.5890625 0.08359375 0.11015625
0 0.3734375 0.58046875 0.07890625 0.1046875
0 0.90390625 0.77109375 0.1625 0.40234375
0 0.37734375 0.1828125 0.08046875 0.10625
0 0.52890625 0.0609375 0.1046875 0.121875
0 0.6390625 0.359375 0.084375 0.1109375
0 0.77109375 0.4015625 0.07421875 0.1328125
0 0.4625 0.8671875 0.09140625 0.11875
0 0.63984375 0.47421875 0.09765625 0.11875
0 0.37578125 0.4734375 0.08046875 0.103125
0 0.6375 0.86640625 0.0828125 0.11328125
0 0.37265625 0.8671875 0.08984375 0.11796875
0 0.5484375 0.57109375 0.08203125 0.1046875
0 0.5515625 0.8671875 0.08203125 0.115625
0 0.38046875 0.3546875 0.08515625 0.1109375
0 0.534375 0.62890625 0.08203125 0.1046875
0 0.903125 0.88984375 0.15 0.15234375
0 0.46796875 0.19765625 0.0765625 0.0609375
0 0.63984375 0.05625 0.0890625 0.1125