0 0.7614293221229638 0.9366262814538676 0.07987388334209143 0.10624417520969245
0 0.6749868628481345 0.9338303821062441 0.07514450867052024 0.1043802423112768
0 0.5902942722017867 0.9366262814538676 0.0854808197582764 0.10810810810810811
0 0.674198633736206 0.6407269338303822 0.0788229111928534 0.097856477166822
0 0.3289542827115082 0.65237651444548 0.08302679978980557 0.10810810810810811
0 0.6760378349973726 0.8191985088536813 0.07724645296899632 0.1043802423112768
0 0.45007882291119283 0.6136999068033551 0.08250131371518654 0.10717614165890028
0 0.3305307409353652 0.12628145386766076 0.08197582764056753 0.10904007455731593
0 0.6745507094062008 0.5330848089468779 0.08653179190751445 0.11183597390493942
0 0.4658434051497635 0.3830382106244175 0.0793483972674724 0.10624417520969245
0 0.6755123489227536 0.418452935694315 0.0793483972674724 0.10624417520969245
0 0.32947976878612717 0.5284249767008388 0.08302679978980557 0.10251630941286113
0 0.3331581713084603 0.24743709226467847 0.08512874408828167 0.10531220876048462
0 0.4714503415659485 0.5027958993476235 0.08530215449290594 0.11276794035414725
0 0.5847766684182869 0.811901211556384 0.07794534944823962 0.10531220876048462
0 0.41329479768786126 0.13513513513513514 0.07829742511823437 0.10997204100652376
0 0.9119810825013137 0.7809878844361603 0.17603783499737258 0.4249767008387698
0 0.5641093011035208 0.4967381174277726 0.07409353652128219 0.10997204100652376
0 0.42249080399369415 0.9417520969245107 0.09143457698370994 0.11276794035414725
0 0.5862690488702049 0.12954333643988816 0.08477666841828692 0.11556383970177074
0 0.23909616395165528 0.1309412861136999 0.08512874408828167 0.11835973904939422
0 0.3279033105622701 0.8145386766076421 0.08723068838675775 0.11183597390493942
0 0.7653704676826064 0.12581547064305684 0.09090909090909091 0.11742777260018639