112 0.23984375 0.13203125 0.08359375 0.10859375
49 0.3265625 0.12890625 0.08359375 0.10859375
10 0.41328125 0.1296875 0.08359375 0.11015625
35 0.41796875 0.24609375 0.08515625 0.11171875
16 0.328125 0.24296875 0.0859375 0.11015625
34 0.33046875 0.5296875 0.0859375 0.11171875
71 0.3296875 0.65078125 0.08359375 0.11171875
71 0.3296875 0.44453125 0.08359375 0.05546875
87 0.415625 0.93984375 0.0859375 0.10859375
19 0.5359375 0.34375 0.08984375 0.13359375
73 0.671875 0.52578125 0.0859375 0.11640625
27 0.678125 0.746875 0.08203125 0.11484375
91 0.565625 0.93359375 0.08359375 0.10703125
1 0.6734375 0.24296875 0.08671875 0.11484375
38 0.5875 0.128125 0.08515625 0.11640625
72 0.675 0.1296875 0.084375 0.10703125
62 0.75859375 0.1234375 0.08125 0.10703125
92 0.5734375 0.86796875 0.0828125 0.0328125
116 0.54453125 0.5625 0.06796875 0.1703125